100 0.0146175101175951
100.1 0.0147305426092548
100.2 0.0148448905321378
100.3 0.014960574365717
100.4 0.0150776149893452
100.5 0.0151960336916565
100.6 0.0153158521802254
100.7 0.0154370925914939
100.8 0.0155597775009734
100.9 0.0156839299337304
101 0.0158095733751664
101.1 0.0159367317820988
101.2 0.0160654295941557
101.3 0.0161956917454921
101.4 0.0163275436768391
101.5 0.0164610113478973
101.6 0.0165961212500844
101.7 0.01673290041965
101.8 0.0168713764511688
101.9 0.0170115775114253
102 0.0171535323537022
102.1 0.0172972703324872
102.2 0.0174428214186113
102.3 0.0175902162148332
102.4 0.0177394859718851
102.5 0.017890662604996
102.6 0.0180437787109078
102.7 0.0181988675854018
102.8 0.0183559632413529
102.9 0.01851510042733
103 0.0186763146467608
103.1 0.0188396421776819
103.2 0.0190051200930935
103.3 0.0191727862819402
103.4 0.0193426794707408
103.5 0.0195148392458891
103.6 0.0196893060766505
103.7 0.0198661213388775
103.8 0.0200453273394733
103.9 0.0202269673416262
104 0.0204110855908468
104.1 0.0205977273418342
104.2 0.0207869388862031
104.3 0.0209787675811031
104.4 0.0211732618787631
104.5 0.021370471356995
104.6 0.0215704467506923
104.7 0.0217732399843616
104.8 0.0219789042057246
104.9 0.0221874938204324
105 0.0223990645279333
105.1 0.0226136733585383
105.2 0.0228313787117306
105.3 0.023052240395767
105.4 0.0232763196686199
105.5 0.0235036792803144
105.6 0.0237343835167123
105.7 0.0239684982448017
105.8 0.0242060909595517
105.9 0.0244472308323915
106 0.0246919887613831
106.1 0.0249404374231509
106.2 0.0251926513266419
106.3 0.0254487068687892
106.4 0.0257086823921566
106.5 0.0259726582446449
106.6 0.0262407168413444
106.7 0.0265129427286231
106.8 0.0267894226505418
106.9 0.0270702456176945
107 0.0273555029785749
107.1 0.0276452884935759
107.2 0.0279396984117325
107.3 0.0282388315503267
107.4 0.028542789377475
107.5 0.028851676097828
107.6 0.0291655987415166
107.7 0.0294846672564846
107.8 0.029808994604358
107.9 0.0301386968600045
108 0.0304738933149471
108.1 0.030814706584803
108.2 0.0311612627209278
108.3 0.0315136913264536
108.4 0.0318721256769192
108.5 0.0322367028457023
108.6 0.0326075638344715
108.7 0.0329848537088905
108.799999999999 0.0333687217398147
108.899999999999 0.033759321550239
108.999999999999 0.0341568112682619
109.099999999999 0.0345613536863514
109.199999999999 0.0349731164272102
109.299999999999 0.0353922721165525
109.399999999999 0.0358189985631261
109.499999999999 0.036253478946325
109.599999999999 0.0366959020117639
109.699999999999 0.0371464622751989
109.799999999999 0.0376053602352057
109.899999999999 0.0380728025950464
109.999999999999 0.0385490024941807
110.099999999999 0.0390341797499031
110.199999999999 0.0395285611096142
110.299999999999 0.0400323805142643
110.399999999999 0.0405458793735365
110.499999999999 0.0410693068533713
110.599999999999 0.0416029201764666
110.699999999999 0.0421469849364274
110.799999999999 0.0427017754262759
110.899999999999 0.0432675749820764
110.999999999999 0.0438446763424737
111.099999999999 0.0444333820249915
111.199999999999 0.0450340047199874
111.299999999999 0.045646867703217
111.399999999999 0.046272305268016
111.499999999999 0.0469106631781723
111.599999999999 0.0475622991426252
111.699999999999 0.0482275833132004
111.799999999999 0.0489068988066651
111.899999999999 0.049600642252467
111.999999999999 0.0503092243676108
112.099999999999 0.0510330705602138
112.199999999999 0.0517726215633873
112.299999999999 0.0525283341011912
112.399999999999 0.0533006815885281
112.499999999999 0.054090154866963
112.599999999999 0.054897262978588
112.699999999999 0.05572253398019
112.799999999999 0.0565665158001356
112.899999999999 0.0574297771405451
112.999999999999 0.0583129084275087
113.099999999999 0.0592165228122815
113.199999999999 0.0601412572266014
113.299999999999 0.0610877734954915
113.399999999999 0.0620567595111436
113.499999999999 0.0630489304717363
113.599999999999 0.0640650301893142
113.699999999999 0.0651058324711525
113.799999999999 0.0661721425793514
113.899999999999 0.0672647987737501
113.999999999999 0.0683846739436283
114.099999999999 0.0695326773340629
114.199999999999 0.0707097563732536
114.299999999999 0.0719168986076009
114.399999999999 0.0731551337518389
114.499999999999 0.0744255358620863
114.599999999999 0.0757292256402816
114.699999999999 0.0770673728791347
114.799999999999 0.0784411990574408
114.899999999999 0.0798519800963829
114.999999999999 0.0813010492883025
115.099999999999 0.0827898004103383
115.199999999999 0.0843196910363477
115.299999999999 0.0858922460616203
115.399999999999 0.0875090614560995
115.499999999999 0.0891718082631386
115.599999999999 0.0908822368622513
115.699999999999 0.0926421815158914
115.799999999999 0.0944535652220109
115.899999999999 0.0963184048960346
115.999999999999 0.0982388169079518
116.099999999999 0.100217023002499
116.199999999999 0.102255356632896
116.299999999999 0.104356269741337
116.399999999999 0.106522340022468
116.499999999999 0.10875627870937
116.599999999999 0.111060938925279
116.699999999999 0.113439324648265
116.799999999999 0.115894600340591
116.899999999999 0.118430101299381
116.999999999999 0.121049344790707
117.099999999999 0.123756042035246
117.199999999999 0.126554111120336
117.299999999999 0.129447690920755
117.399999999999 0.132441156118757
117.499999999999 0.135539133423135
117.599999999999 0.138746519097292
117.699999999999 0.142068497917728
117.799999999999 0.145510563697064
117.899999999999 0.149078541519962
117.999999999999 0.152778611856184
118.099999999999 0.156617336732858
118.199999999999 0.160601688167948
118.299999999999 0.164739079089369
118.399999999999 0.169037396989308
118.499999999999 0.173505040591661
118.599999999999 0.178150959842393
118.699999999999 0.182984699568607
118.799999999999 0.188016447192747
118.899999999999 0.193257084934332
118.999999999999 0.198718246983689
119.099999999999 0.204412382191162
119.199999999999 0.21035282288237
119.299999999999 0.216553860486306
119.399999999999 0.223030828749975
119.499999999999 0.229800195412328
119.599999999999 0.236879663323467
119.699999999999 0.244288282124607
119.799999999999 0.252046571752704
119.899999999999 0.260176659204038
119.999999999999 0.268702430186838
120.099999999999 0.277649697518573
120.199999999999 0.287046388383573
120.299999999999 0.296922752867099
120.399999999999 0.307311596529614
120.499999999999 0.318248540187936
120.599999999999 0.329772310537785
120.699999999999 0.341925065796225
120.799999999999 0.354752761176246
120.899999999999 0.36830555974513
120.999999999999 0.382638295082386
121.099999999999 0.397810993164568
121.199999999999 0.413889462090196
121.299999999999 0.430945959650356
121.399999999999 0.449059950387727
121.499999999999 0.468318965714241
121.599999999999 0.488819582929466
121.699999999999 0.510668541662521
121.799999999999 0.53398401942572
121.899999999999 0.558897091708113
121.999999999999 0.585553406456472
122.099999999999 0.614115108012423
122.199999999999 0.6447630517376
122.299999999999 0.677699357822853
122.399999999999 0.713150361317879
122.499999999999 0.751370025420939
122.599999999999 0.792643896721087
122.699999999999 0.837293694553666
122.799999999999 0.8856826420223
122.899999999999 0.938221663547268
122.999999999999 0.995376592790714
123.099999999999 1.0576765548697
123.199999999999 1.12572370663866
123.299999999999 1.2002045361837
123.399999999999 1.28190293349305
123.499999999999 1.37171524179862
123.599999999999 1.47066747228598
123.699999999999 1.57993479602264
123.799999999999 1.70086328802787
123.899999999999 1.83499364564703
123.999999999999 1.98408616943172
124.099999999999 2.15014557742878
124.199999999999 2.33544307132991
124.299999999999 2.54253126566356
124.399999999999 2.77424482370769
124.499999999999 3.03367551773752
124.599999999999 3.32410448430753
124.699999999999 3.64886627052398
124.799999999999 4.01110882674901
124.899999999999 4.4134019101991
124.999999999999 4.85713678640367
125.099999999999 5.34166045065537
125.199999999999 5.86311263333868
125.299999999999 6.41300657749311
125.399999999999 6.97674097860901
125.499999999999 7.5324593221373
125.599999999999 8.05093348138345
125.699999999999 8.49728126293555
125.799999999999 8.83507196650648
125.899999999999 9.03253381442843
125.999999999999 9.06933974477425
126.099999999999 8.94155413551776
126.199999999999 8.66264219332242
126.299999999999 8.26008515079087
126.399999999998 7.76909614910051
126.499999999998 7.22589592847134
126.599999999998 6.66256905811085
126.699999999998 6.10431927929804
126.799999999998 5.56886903546413
126.899999999998 5.06724264818092
126.999999999998 4.60516752603747
127.099999999998 4.18455890472008
127.199999999998 3.80480833241535
127.299999999998 3.46378032833731
127.399999999998 3.15852417099469
127.499999999998 2.88575071747868
127.599999999998 2.64213313091352
127.699999999998 2.42448389439734
127.799999999998 2.22984911524962
127.899999999998 2.05554990167656
127.999999999998 1.89919137741393
128.099999999998 1.75865300313343
128.199999999998 1.63206899743052
128.299999999998 1.51780433416299
128.399999999998 1.41442960283378
128.499999999998 1.32069660753086
128.599999999998 1.23551569186851
128.699999999998 1.15793523285442
128.799999999998 1.08712342352163
128.899999999998 1.02235228131317
128.999999999998 0.962983723506586
129.099999999998 0.908457508207937
129.199999999998 0.858280827871985
129.299999999998 0.812019348273402
129.399999999998 0.769289500943613
129.499999999998 0.729751856214248
129.599999999998 0.693105424191105
129.699999999998 0.659082750554607
129.799999999998 0.627445692183075
129.899999999998 0.597981773848443
129.999999999998 0.57050104154802
130.099999999998 0.544833340476131
130.199999999998 0.520825956352282
130.299999999998 0.498341567988592
130.399999999998 0.47725646678721
130.499999999998 0.457459005489496
130.599999999998 0.438848244119441
130.699999999998 0.421332765822872
130.799999999998 0.404829639331413
130.899999999998 0.389263508188661
130.999999999998 0.374565789761605
131.099999999998 0.360673969505054
131.199999999998 0.347530978019887
131.299999999998 0.335084640205796
131.399999999998 0.323287187305075
131.499999999998 0.312094823907223
131.599999999998 0.30146734306939
131.699999999998 0.291367783634234
131.799999999998 0.281762124618943
131.899999999998 0.272619012227672
131.999999999998 0.263909515621627
132.099999999998 0.255606908081187
132.199999999998 0.247686470624854
132.299999999998 0.240125315520933
132.399999999998 0.232902227448326
132.499999999998 0.225997520340011
132.599999999998 0.219392908182973
132.699999999998 0.213071388256794
132.799999999998 0.207017135474293
132.899999999998 0.201215406645378
132.999999999998 0.195652453622818
133.099999999998 0.190315444408797
133.199999999998 0.185192391406237
133.299999999998 0.180272086090896
133.399999999998 0.175544039461096
133.499999999998 0.170998427692866
133.599999999998 0.166626042490774
133.699999999998 0.162418245679745
133.799999999998 0.158366927631749
133.899999999998 0.154464469164137
133.999999999998 0.150703706584401
134.099999999998 0.147077899589766
134.199999999998 0.143580701759873
134.299999999998 0.140206133407345
134.399999999998 0.136948556574587
134.499999999998 0.133802651986196
134.599999999998 0.130763397785082
134.699999999998 0.127826049897104
134.799999999998 0.124986123883976
134.899999999998 0.122239378157582
134.999999999998 0.11958179844078
135.099999999998 0.117009583370549
135.199999999998 0.114519131148952
135.299999999998 0.112107027156064
135.399999999998 0.109770032446814
135.499999999998 0.107505073060691
135.599999999998 0.105309230079617
135.699999999998 0.103179730374992
135.799999999998 0.101113937990068
135.899999999998 0.0991093461084899
135.999999999998 0.0971635695640572
136.099999999998 0.0952743378505725
136.199999999998 0.0934394885941362
136.299999999998 0.0916569614533729
136.399999999998 0.0899247924159429
136.499999999998 0.0882411084622928
136.599999999998 0.0866041225699589
136.699999999998 0.0850121290338958
136.799999999998 0.0834634990802633
136.899999999998 0.0819566767528952
136.999999999998 0.0804901750533094
137.099999999998 0.079062572316612
137.199999999998 0.0776725088070131
137.299999999998 0.0763186835179209
137.399999999998 0.0749998511627281
137.499999999998 0.0737148193434483
137.599999999998 0.0724624458853268
137.699999999998 0.0712416363264281
137.799999999998 0.0700513415520166
137.899999999998 0.0688905555642889
137.999999999998 0.0677583133787038
138.099999999998 0.0666536890387833
138.199999999998 0.0655757937418409
138.299999999998 0.0645237740686281
138.399999999998 0.0634968103103801
138.499999999998 0.0624941148872028
138.599999999998 0.0615149308521554
138.699999999998 0.0605585304757788
138.799999999998 0.0596242139061726
138.899999999998 0.0587113079000584
138.999999999998 0.0578191646205746
139.099999999998 0.0569471604978279
139.199999999998 0.056094695148497
139.299999999998 0.0552611903510215
139.399999999998 0.0544460890731391
139.499999999998 0.0536488545487437
139.599999999998 0.0528689694012326
139.699999999998 0.0521059348106906
139.799999999998 0.0513592697224289
139.899999999998 0.0506285100945533
139.999999999998 0.0499132081823816
140.099999999998 0.0492129318576659
140.199999999998 0.0485272639607019
140.299999999998 0.0478558016835256
140.399999999998 0.0471981559825074
140.499999999998 0.046553951018756
140.599999999998 0.0459228236248392
140.699999999998 0.045304422796421
140.799999999998 0.0446984092074942
140.899999999998 0.0441044547479667
140.999999999998 0.0435222420824354
141.099999999998 0.0429514642290445
141.199999999998 0.0423918241573943
141.299999999998 0.0418430344045213
141.399999999998 0.0413048167080307
141.499999999998 0.0407769016555112
141.599999999998 0.0402590283494135
141.699999999998 0.0397509440866192
141.799999999998 0.0392524040519686
141.899999999998 0.0387631710250595
141.999999999998 0.0382830150996636
142.099999999998 0.0378117134151461
142.199999999998 0.0373490498993045
142.299999999998 0.0368948150220774
142.399999999998 0.0364488055596011
142.499999999998 0.0360108243681206
142.599999999998 0.0355806801672896
142.699999999998 0.0351581873324145
142.799999999998 0.0347431656952264
142.899999999998 0.0343354403527815
142.999999999998 0.0339348414841154
143.099999999998 0.033541204174293
143.199999999998 0.0331543682455158
143.299999999998 0.0327741780949662
143.399999999998 0.0324004825390818
143.499999999998 0.0320331346639726
143.599999999998 0.0316719916817048
143.699999999998 0.0313169147921897
143.799999999998 0.0309677690504305
143.899999999998 0.0306244232388902
143.999999999997 0.0302867497447575
144.099999999997 0.0299546244418953
144.199999999997 0.0296279265772713
144.299999999997 0.0293065386616756
144.399999999997 0.0289903463645423
144.499999999997 0.0286792384127009
144.599999999997 0.0283731064928888
144.699999999997 0.0280718451578682
144.799999999997 0.0277753517359948
144.899999999997 0.027483526244095
144.999999999997 0.0271962713035133
145.099999999997 0.0269134920591995
145.199999999997 0.0266350961017107
145.299999999997 0.0263609933920083
145.399999999997 0.0260910961889366
145.499999999997 0.0258253189792743
145.599999999997 0.0255635784102559
145.699999999997 0.0253057932244619
145.799999999997 0.0250518841969859
145.899999999997 0.0248017740747868
145.999999999997 0.0245553875181387
146.099999999997 0.0243126510440993
146.199999999997 0.0240734929719134
146.299999999997 0.0238378433702805
146.399999999997 0.0236056340064108
146.499999999997 0.0233767982968031
146.599999999997 0.0231512712596763
146.699999999997 0.0229289894689939
146.799999999997 0.0227098910100183
146.899999999997 0.0224939154363386
146.999999999997 0.0222810037283165
147.099999999997 0.0220710982528958
147.199999999997 0.0218641427247261
147.299999999997 0.0216600821685511
147.399999999997 0.0214588628828142
147.499999999997 0.0212604324044388
147.599999999997 0.0210647394747366
147.699999999997 0.0208717340064069
147.799999999997 0.020681367051584
147.899999999997 0.0204935907708966
147.999999999997 0.0203083584035016
148.099999999997 0.0201256242380592
148.199999999997 0.0199453435846135
148.299999999997 0.0197674727473481
148.399999999997 0.0195919689981845
148.499999999997 0.0194187905511956
148.599999999997 0.0192478965378028
148.699999999997 0.0190792469827324
148.799999999997 0.0189128027807024
148.899999999997 0.0187485256738165
148.999999999997 0.0185863782296396
149.099999999997 0.0184263238199312
149.199999999997 0.0182683266000161
149.299999999997 0.018112351488768
149.399999999997 0.0179583641491881
149.499999999997 0.0178063309695564
149.599999999997 0.017656219045137
149.699999999997 0.0175079961604205
149.799999999997 0.0173616307718826
149.899999999997 0.017217091991245
149.999999999997 0.017074349569219
150.099999999997 0.0169333738797188
150.199999999997 0.0167941359045268
150.299999999997 0.0166566072183969
150.399999999997 0.0165207599745828
150.499999999997 0.0163865668907751
150.599999999997 0.0162540012354361
150.699999999997 0.0161230368145191
150.799999999997 0.0159936479585586
150.899999999997 0.0158658095101218
150.999999999997 0.0157394968116075
151.099999999997 0.0156146856933838
151.199999999997 0.0154913524622518
151.299999999997 0.0153694738902266
151.399999999997 0.0152490272036251
151.499999999997 0.015129990072451
151.599999999997 0.0150123406000678
151.699999999997 0.014896057313151
151.799999999997 0.0147811191519111
151.899999999997 0.0146675054605788
151.999999999997 0.0145551959781443
152.099999999997 0.0144441708293434
152.199999999997 0.0143344105158826
152.299999999997 0.0142258959078963
152.399999999997 0.0141186082356283
152.499999999997 0.0140125290813321
152.599999999997 0.0139076403713827
152.699999999997 0.0138039243685935
152.799999999997 0.0137013636647328
152.899999999997 0.0135999411732334
152.999999999997 0.0134996401220901
153.099999999997 0.0134004440469393
153.199999999997 0.0133023367843158
153.299999999997 0.0132053024650809
153.399999999997 0.0131093255080171
153.499999999997 0.0130143906135859
153.599999999997 0.0129204827578412
153.699999999997 0.012827587186497
153.799999999997 0.0127356894091426
153.899999999997 0.0126447751936019
153.999999999997 0.012554830560434
154.099999999997 0.0124658417775681
154.199999999997 0.0123777953550722
154.299999999997 0.01229067804005
154.399999999997 0.012204476811662
154.499999999997 0.0121191788762694
154.599999999997 0.0120347716626948
154.699999999997 0.0119512428175992
154.799999999997 0.011868580200969
154.899999999997 0.0117867718817132
154.999999999997 0.0117058061333654
155.099999999997 0.0116256714298884
155.199999999997 0.0115463564415792
155.299999999997 0.0114678500310713
155.399999999997 0.0113901412494313
155.499999999997 0.0113132193323474
155.599999999997 0.0112370736964082
155.699999999997 0.0111616939354681
155.799999999997 0.0110870698170974
155.899999999997 0.011013191279116
155.999999999997 0.0109400484262063
156.099999999997 0.0108676315266054
156.199999999997 0.0107959310088726
156.299999999997 0.0107249374587324
156.399999999997 0.0106546416159881
156.499999999997 0.0105850343715076
156.599999999997 0.0105161067642765
156.699999999997 0.0104478499785184
156.799999999997 0.0103802553408806
156.899999999997 0.0103133143176827
156.999999999997 0.0102470185122274
157.099999999997 0.010181359662171
157.199999999997 0.0101163296369531
157.299999999997 0.0100519204352833
157.399999999997 0.00998812418268343
157.499999999997 0.00992493312908424
157.599999999997 0.00986233964647509
157.699999999997 0.0098003362266052
157.799999999997 0.00973891547873524
157.899999999997 0.009678070127438
157.999999999997 0.00961779301044691
158.099999999997 0.00955807707655127
158.199999999997 0.00949891538353689
158.299999999997 0.00944030109617131
158.399999999997 0.0093822274842321
158.499999999997 0.0093246879205776
158.599999999997 0.00926767587925879
158.699999999997 0.00921118493367134
158.799999999997 0.00915520875474699
158.899999999997 0.0090997411091831
158.999999999997 0.0090447758577097
159.099999999997 0.00899030695339288
159.199999999997 0.00893632843997387
159.299999999997 0.00888283445024277
159.399999999997 0.0088298192044463
159.499999999997 0.00877727700872855
159.599999999997 0.00872520225360415
159.699999999997 0.00867358941246292
159.799999999997 0.00862243304010541
159.899999999997 0.00857172777130846
159.999999999997 0.00852146831942024
