
=============================================================
Task A
=============================================================

Generating a random 4x3 matrix A and checking its QR decomposition:

Matrix A:

     0,249      0,111      0,467 
     0,772      0,658      0,433 
     0,354      0,944      0,101 
     0,642     0,0286      0,248 

Matrix Q:

     0,227    -0,0898      0,923 
     0,706      0,103     0,0598 
     0,324      0,827     -0,139 
     0,588     -0,545     -0,352 

Matrix R:

      1,09      0,812       0,59 
         0      0,823    -0,0488 
         0          0      0,356 

R is upper triangular: True

Qᵀ*Q (should be identity):

         1          0          0 
         0          1   8,33e-17 
         0   8,33e-17          1 

Q*R (should reconstruct A):

     0,249      0,111      0,467 
     0,772      0,658      0,433 
     0,354      0,944      0,101 
     0,642     0,0286      0,248 

=============================================================
Task B
=============================================================

Generating a random 3×3 matrix A and vector b, solving A x = b, and checking inverse:

Matrix A:

      0,32       0,99      0,682 
     0,655      0,283      0,615 
     0,704      0,702       0,95 

Vector b:
    0,0934      0,161      0,382 

Matrix Q:

     0,316      0,887     -0,336 
     0,646      -0,46     -0,609 
     0,695     0,0246      0,719 

Matrix R:

      1,01      0,983       1,27 
         0      0,766      0,346 
         0          0      0,079 

Solution x:
     -1,13     -0,806       1,84 

B*x (should equal b):
    0,0934      0,161      0,382 

Inverse of B:

      2,66       7,53      -6,79 
      3,08       2,88      -4,07 
     -4,25      -7,71        9,1 

B*B⁻¹ (should be identity):

         1   8,88e-16          0 
  4,44e-16          1          0 
         0  -8,88e-16          1 
