-1.00000 0.36871466
-0.95000 0.34902247
-0.90000 0.30397497
-0.85000 0.23208587
-0.80000 0.13344640
-0.75000 0.01025267
-0.70000 -0.13276054
-0.65000 -0.28809528
-0.60000 -0.44558932
-0.55000 -0.59292339
-0.50000 -0.71656438
-0.45000 -0.80309322
-0.40000 -0.84078055
-0.35000 -0.82119957
-0.30000 -0.74062419
-0.25000 -0.60096461
-0.20000 -0.41004766
-0.15000 -0.18114602
-0.10000 0.06821819
-0.05000 0.31804983
0.00000 0.54799652
0.05000 0.73951174
0.10000 0.87777369
0.15000 0.95311672
0.20000 0.96181605
0.25000 0.90616796
0.30000 0.79390740
0.35000 0.63708816
0.40000 0.45060624
0.45000 0.25057184
0.50000 0.05272938
0.55000 -0.12890514
0.60000 -0.28306846
0.65000 -0.40187120
0.70000 -0.48100744
0.75000 -0.51959387
0.80000 -0.51971598
0.85000 -0.48577960
0.90000 -0.42377115
0.95000 -0.34052038
