-3.00 -0.15830
-2.95 0.00663
-2.90 0.15298
-2.85 0.27839
-2.80 0.38193
-2.75 0.46408
-2.70 0.52653
-2.65 0.57197
-2.60 0.60377
-2.55 0.62563
-2.50 0.64129
-2.45 0.65418
-2.40 0.66721
-2.35 0.68261
-2.30 0.70180
-2.25 0.72544
-2.20 0.75347
-2.15 0.78520
-2.10 0.81952
-2.05 0.85503
-2.00 0.89021
-1.95 0.92358
-1.90 0.95383
-1.85 0.97988
-1.80 1.00096
-1.75 1.01662
-1.70 1.02670
-1.65 1.03132
-1.60 1.03079
-1.55 1.02562
-1.50 1.01640
-1.45 1.00377
-1.40 0.98838
-1.35 0.97081
-1.30 0.95161
-1.25 0.93121
-1.20 0.90994
-1.15 0.88803
-1.10 0.86560
-1.05 0.84268
-1.00 0.81919
-0.95 0.79498
-0.90 0.76984
-0.85 0.74351
-0.80 0.71570
-0.75 0.68612
-0.70 0.65448
-0.65 0.62053
-0.60 0.58405
-0.55 0.54491
-0.50 0.50304
-0.45 0.45847
-0.40 0.41130
-0.35 0.36175
-0.30 0.31013
-0.25 0.25680
-0.20 0.20222
-0.15 0.14687
-0.10 0.09126
-0.05 0.03591
0.00 -0.01870
0.05 -0.07212
0.10 -0.12400
0.15 -0.17405
0.20 -0.22208
0.25 -0.26804
0.30 -0.31194
0.35 -0.35392
0.40 -0.39418
0.45 -0.43302
0.50 -0.47075
0.55 -0.50770
0.60 -0.54420
0.65 -0.58053
0.70 -0.61690
0.75 -0.65344
0.80 -0.69016
0.85 -0.72696
0.90 -0.76362
0.95 -0.79981
1.00 -0.83509
1.05 -0.86895
1.10 -0.90081
1.15 -0.93008
1.20 -0.95618
1.25 -0.97856
1.30 -0.99675
1.35 -1.01042
1.40 -1.01932
1.45 -1.02341
1.50 -1.02275
1.55 -1.01762
1.60 -1.00840
1.65 -0.99565
1.70 -0.98000
1.75 -0.96216
1.80 -0.94288
1.85 -0.92288
1.90 -0.90282
1.95 -0.88324
2.00 -0.86455
2.05 -0.84697
2.10 -0.83049
2.15 -0.81491
2.20 -0.79977
2.25 -0.78441
2.30 -0.76798
2.35 -0.74947
2.40 -0.72774
2.45 -0.70163
2.50 -0.66995
2.55 -0.63161
2.60 -0.58564
2.65 -0.53126
2.70 -0.46796
2.75 -0.39550
2.80 -0.31399
2.85 -0.22387
2.90 -0.12593
2.95 -0.02128
3.00 0.08864
