-3.00 3.46153
-2.95 3.12301
-2.90 2.72309
-2.85 2.29027
-2.80 1.85321
-2.75 1.43850
-2.70 1.06859
-2.65 0.76032
-2.60 0.52400
-2.55 0.36311
-2.50 0.27477
-2.45 0.25061
-2.40 0.27816
-2.35 0.34240
-2.30 0.42744
-2.25 0.51800
-2.20 0.60069
-2.15 0.66488
-2.10 0.70325
-2.05 0.71192
-2.00 0.69021
-1.95 0.64021
-1.90 0.56609
-1.85 0.47344
-1.80 0.36847
-1.75 0.25745
-1.70 0.14614
-1.65 0.03946
-1.60 -0.05879
-1.55 -0.14599
-1.50 -0.22065
-1.45 -0.28234
-1.40 -0.33151
-1.35 -0.36930
-1.30 -0.39737
-1.25 -0.41768
-1.20 -0.43235
-1.15 -0.44356
-1.10 -0.45339
-1.05 -0.46377
-1.00 -0.47640
-0.95 -0.49271
-0.90 -0.51379
-0.85 -0.54039
-0.80 -0.57290
-0.75 -0.61128
-0.70 -0.65515
-0.65 -0.70370
-0.60 -0.75580
-0.55 -0.81002
-0.50 -0.86469
-0.45 -0.91797
-0.40 -0.96797
-0.35 -1.01286
-0.30 -1.05091
-0.25 -1.08068
-0.20 -1.10105
-0.15 -1.11132
-0.10 -1.11126
-0.05 -1.10112
0.00 -1.08167
0.05 -1.05410
0.10 -1.02000
0.15 -0.98127
0.20 -0.93999
0.25 -0.89827
0.30 -0.85820
0.35 -0.82160
0.40 -0.79001
0.45 -0.76451
0.50 -0.74568
0.55 -0.73352
0.60 -0.72748
0.65 -0.72645
0.70 -0.72885
0.75 -0.73269
0.80 -0.73571
0.85 -0.73553
0.90 -0.72979
0.95 -0.71630
1.00 -0.69322
1.05 -0.65917
1.10 -0.61335
1.15 -0.55559
1.20 -0.48645
1.25 -0.40716
1.30 -0.31959
1.35 -0.22620
1.40 -0.12984
1.45 -0.03369
1.50 0.05901
1.55 0.14508
1.60 0.22166
1.65 0.28632
1.70 0.33730
1.75 0.37362
1.80 0.39515
1.85 0.40270
1.90 0.39802
1.95 0.38371
2.00 0.36313
2.05 0.34027
2.10 0.31950
2.15 0.30539
2.20 0.30242
2.25 0.31472
2.30 0.34584
2.35 0.39851
2.40 0.47441
2.45 0.57405
2.50 0.69667
2.55 0.84020
2.60 1.00132
2.65 1.17554
2.70 1.35737
2.75 1.54056
2.80 1.71837
2.85 1.88385
2.90 2.03016
2.95 2.15090
3.00 2.24038
