-3.00 0.14256
-2.95 0.09312
-2.90 0.04370
-2.85 -0.00535
-2.80 -0.05370
-2.75 -0.10110
-2.70 -0.14735
-2.65 -0.19228
-2.60 -0.23579
-2.55 -0.27779
-2.50 -0.31823
-2.45 -0.35706
-2.40 -0.39426
-2.35 -0.42979
-2.30 -0.46362
-2.25 -0.49568
-2.20 -0.52594
-2.15 -0.55431
-2.10 -0.58071
-2.05 -0.60507
-2.00 -0.62729
-1.95 -0.64728
-1.90 -0.66496
-1.85 -0.68027
-1.80 -0.69312
-1.75 -0.70347
-1.70 -0.71128
-1.65 -0.71653
-1.60 -0.71920
-1.55 -0.71929
-1.50 -0.71682
-1.45 -0.71181
-1.40 -0.70429
-1.35 -0.69430
-1.30 -0.68188
-1.25 -0.66708
-1.20 -0.64996
-1.15 -0.63056
-1.10 -0.60894
-1.05 -0.58516
-1.00 -0.55927
-0.95 -0.53133
-0.90 -0.50141
-0.85 -0.46956
-0.80 -0.43585
-0.75 -0.40036
-0.70 -0.36315
-0.65 -0.32430
-0.60 -0.28390
-0.55 -0.24205
-0.50 -0.19883
-0.45 -0.15435
-0.40 -0.10873
-0.35 -0.06208
-0.30 -0.01453
-0.25 0.03380
-0.20 0.08277
-0.15 0.13224
-0.10 0.18208
-0.05 0.23215
0.00 0.28231
0.05 0.33243
0.10 0.38236
0.15 0.43198
0.20 0.48117
0.25 0.52981
0.30 0.57777
0.35 0.62496
0.40 0.67126
0.45 0.71658
0.50 0.76081
0.55 0.80387
0.60 0.84565
0.65 0.88608
0.70 0.92506
0.75 0.96249
0.80 0.99829
0.85 1.03237
0.90 1.06462
0.95 1.09497
1.00 1.12332
1.05 1.14958
1.10 1.17367
1.15 1.19551
1.20 1.21502
1.25 1.23215
1.30 1.24682
1.35 1.25901
1.40 1.26867
1.45 1.27579
1.50 1.28035
1.55 1.28235
1.60 1.28181
1.65 1.27874
1.70 1.27319
1.75 1.26519
1.80 1.25479
1.85 1.24203
1.90 1.22696
1.95 1.20963
2.00 1.19010
2.05 1.16840
2.10 1.14459
2.15 1.11870
2.20 1.09077
2.25 1.06084
2.30 1.02895
2.35 0.99514
2.40 0.95946
2.45 0.92197
2.50 0.88271
2.55 0.84179
2.60 0.79929
2.65 0.75532
2.70 0.71003
2.75 0.66357
2.80 0.61612
2.85 0.56789
2.90 0.51911
2.95 0.47001
3.00 0.42085
