-1.00000 0.35322691
-0.95000 0.34926046
-0.90000 0.31525747
-0.85000 0.24863639
-0.80000 0.14957292
-0.75000 0.02142506
-0.70000 -0.12913907
-0.65000 -0.29236853
-0.60000 -0.45603168
-0.55000 -0.60636751
-0.50000 -0.72931320
-0.45000 -0.81189227
-0.40000 -0.84361596
-0.35000 -0.81773577
-0.30000 -0.73219013
-0.25000 -0.59011451
-0.20000 -0.39982949
-0.15000 -0.17428030
-0.10000 0.07003335
-0.05000 0.31453504
0.00000 0.54030231
0.05000 0.72986193
0.10000 0.86885047
0.15000 0.94735532
0.20000 0.96078944
0.25000 0.91020899
0.30000 0.80205007
0.35000 0.64732946
0.40000 0.46041525
0.45000 0.25751951
0.50000 0.05509019
0.55000 -0.13171822
0.60000 -0.29033580
0.65000 -0.41170892
0.70000 -0.49080172
0.75000 -0.52665162
0.80000 -0.52201554
0.85000 -0.48268664
0.90000 -0.41659031
0.95000 -0.33278154
