-3.00 0.98999
-2.95 0.98170
-2.90 0.97096
-2.85 0.95779
-2.80 0.94222
-2.75 0.92430
-2.70 0.90407
-2.65 0.88158
-2.60 0.85689
-2.55 0.83005
-2.50 0.80114
-2.45 0.77023
-2.40 0.73739
-2.35 0.70271
-2.30 0.66628
-2.25 0.62817
-2.20 0.58850
-2.15 0.54736
-2.10 0.50485
-2.05 0.46107
-2.00 0.41615
-1.95 0.37018
-1.90 0.32329
-1.85 0.27559
-1.80 0.22720
-1.75 0.17825
-1.70 0.12884
-1.65 0.07912
-1.60 0.02920
-1.55 -0.02079
-1.50 -0.07074
-1.45 -0.12050
-1.40 -0.16997
-1.35 -0.21901
-1.30 -0.26750
-1.25 -0.31532
-1.20 -0.36236
-1.15 -0.40849
-1.10 -0.45360
-1.05 -0.49757
-1.00 -0.54030
-0.95 -0.58168
-0.90 -0.62161
-0.85 -0.65998
-0.80 -0.69671
-0.75 -0.73169
-0.70 -0.76484
-0.65 -0.79608
-0.60 -0.82534
-0.55 -0.85252
-0.50 -0.87758
-0.45 -0.90045
-0.40 -0.92106
-0.35 -0.93937
-0.30 -0.95534
-0.25 -0.96891
-0.20 -0.98007
-0.15 -0.98877
-0.10 -0.99500
-0.05 -0.99875
0.00 -1.00000
0.05 -0.99875
0.10 -0.99500
0.15 -0.98877
0.20 -0.98007
0.25 -0.96891
0.30 -0.95534
0.35 -0.93937
0.40 -0.92106
0.45 -0.90045
0.50 -0.87758
0.55 -0.85252
0.60 -0.82534
0.65 -0.79608
0.70 -0.76484
0.75 -0.73169
0.80 -0.69671
0.85 -0.65998
0.90 -0.62161
0.95 -0.58168
1.00 -0.54030
1.05 -0.49757
1.10 -0.45360
1.15 -0.40849
1.20 -0.36236
1.25 -0.31532
1.30 -0.26750
1.35 -0.21901
1.40 -0.16997
1.45 -0.12050
1.50 -0.07074
1.55 -0.02079
1.60 0.02920
1.65 0.07912
1.70 0.12884
1.75 0.17825
1.80 0.22720
1.85 0.27559
1.90 0.32329
1.95 0.37018
2.00 0.41615
2.05 0.46107
2.10 0.50485
2.15 0.54736
2.20 0.58850
2.25 0.62817
2.30 0.66628
2.35 0.70271
2.40 0.73739
2.45 0.77023
2.50 0.80114
2.55 0.83005
2.60 0.85689
2.65 0.88158
2.70 0.90407
2.75 0.92430
2.80 0.94222
2.85 0.95779
2.90 0.97096
2.95 0.98170
3.00 0.98999
