-3.00 -0.14112
-2.95 -0.19042
-2.90 -0.23925
-2.85 -0.28748
-2.80 -0.33499
-2.75 -0.38166
-2.70 -0.42738
-2.65 -0.47203
-2.60 -0.51550
-2.55 -0.55768
-2.50 -0.59847
-2.45 -0.63776
-2.40 -0.67546
-2.35 -0.71147
-2.30 -0.74571
-2.25 -0.77807
-2.20 -0.80850
-2.15 -0.83690
-2.10 -0.86321
-2.05 -0.88736
-2.00 -0.90930
-1.95 -0.92896
-1.90 -0.94630
-1.85 -0.96128
-1.80 -0.97385
-1.75 -0.98399
-1.70 -0.99166
-1.65 -0.99687
-1.60 -0.99957
-1.55 -0.99978
-1.50 -0.99749
-1.45 -0.99271
-1.40 -0.98545
-1.35 -0.97572
-1.30 -0.96356
-1.25 -0.94898
-1.20 -0.93204
-1.15 -0.91276
-1.10 -0.89121
-1.05 -0.86742
-1.00 -0.84147
-0.95 -0.81342
-0.90 -0.78333
-0.85 -0.75128
-0.80 -0.71736
-0.75 -0.68164
-0.70 -0.64422
-0.65 -0.60519
-0.60 -0.56464
-0.55 -0.52269
-0.50 -0.47943
-0.45 -0.43497
-0.40 -0.38942
-0.35 -0.34290
-0.30 -0.29552
-0.25 -0.24740
-0.20 -0.19867
-0.15 -0.14944
-0.10 -0.09983
-0.05 -0.04998
0.00 0.00000
0.05 0.04998
0.10 0.09983
0.15 0.14944
0.20 0.19867
0.25 0.24740
0.30 0.29552
0.35 0.34290
0.40 0.38942
0.45 0.43497
0.50 0.47943
0.55 0.52269
0.60 0.56464
0.65 0.60519
0.70 0.64422
0.75 0.68164
0.80 0.71736
0.85 0.75128
0.90 0.78333
0.95 0.81342
1.00 0.84147
1.05 0.86742
1.10 0.89121
1.15 0.91276
1.20 0.93204
1.25 0.94898
1.30 0.96356
1.35 0.97572
1.40 0.98545
1.45 0.99271
1.50 0.99749
1.55 0.99978
1.60 0.99957
1.65 0.99687
1.70 0.99166
1.75 0.98399
1.80 0.97385
1.85 0.96128
1.90 0.94630
1.95 0.92896
2.00 0.90930
2.05 0.88736
2.10 0.86321
2.15 0.83690
2.20 0.80850
2.25 0.77807
2.30 0.74571
2.35 0.71147
2.40 0.67546
2.45 0.63776
2.50 0.59847
2.55 0.55768
2.60 0.51550
2.65 0.47203
2.70 0.42738
2.75 0.38166
2.80 0.33499
2.85 0.28748
2.90 0.23925
2.95 0.19042
3.00 0.14112
