1 0
0.998251134827553 0.049954192174591
0.991121207568595 0.123336137317142
0.974233049324267 0.215765712741915
0.943779611636204 0.320729114009639
0.897338508458191 0.431461839479534
0.833983101515962 0.541890000316788
0.754022799488318 0.64693813761795
0.658662988587404 0.742523043193692
0.549717704410035 0.825433806420811
0.429403373355708 0.89319667349761
0.300199510326129 0.943962436240435
0.164753770243161 0.976424129014415
0.0258127114412431 0.989760770182975
-0.113834081888308 0.983599598054912
-0.251403676110148 0.957989594045977
-0.384166908599713 0.913380571473684
-0.509494457088976 0.850603689391024
-0.624902145170129 0.770850571313278
-0.728095114697988 0.675649208839721
-0.817010158876922 0.566835557385551
-0.889855347210452 0.446520257947419
-0.945146005099212 0.317050311015453
-0.981736096797554 0.180965836604476
-0.998844083975065 0.0409523117596683
-0.996072388838156 -0.100211096239619
-0.973419681699054 -0.239706277254178
-0.931285340430253 -0.37473299716027
-0.870465594663471 -0.502566618125059
-0.792141069567181 -0.620615420900549
-0.697855677998699 -0.726476140963648
-0.589487067836665 -0.817986290457637
-0.469209102388263 -0.893271853636731
-0.339447122654751 -0.950789018729633
-0.202826996359307 -0.989358744035225
-0.0621191853372912 -1.00819314683592
0.0798207533127156 -1.00691294256627
0.220113687114191 -0.985555437275781
0.355918835847721 -0.944572874731729
0.484494490965854 -0.884821244863241
0.60325597287187 -0.807539956639487
0.709829394049773 -0.714323050811583
0.80209996917341 -0.60708286322146
0.878253826189836 -0.488007237594772
0.936812511596537 -0.359511521516856
0.976659634630714 -0.224186658149272
0.997059345186848 -0.084744710468484
0.997666576708482 0.0560368709483017
0.978529197989838 0.195370993945453
0.940082399428057 0.330515543740245
0.883135785423825 0.458825858842702
0.808853753944246 0.577804185700016
0.718729818074972 0.685145374639931
0.614555566348193 0.778778215212545
0.49838497416004 0.856901932640265
0.372494774270628 0.918017474228976
0.239341577341626 0.960953302905312
0.10151641078799 0.984885484313713
-0.0383026776117244 0.98935190590419
-0.177399320456575 0.974260504642293
-0.31306821020185 0.939891409191031
-0.442664524464416 0.886892928373569
-0.563652743964617 0.816271346579971
-0.673654178189103 0.729374524608803
-0.770492474121338 0.627869356714253
-0.852236340790484 0.513713205728765
-0.9172386835029 0.389119530826237
-0.964171313987175 0.256518037555627
-0.992054394262516 0.11850981567607
-1.00027979054195 -0.0221819169350811
-0.988627565641275 -0.162764682883049
-0.957274929201868 -0.300432280015806
-0.906797097172775 -0.432421879614724
-0.83815968510859 -0.556071448813928
-0.752702470310484 -0.66887615297708
-0.652114598695543 -0.768542330738831
-0.538401573443909 -0.853037622218073
-0.413844631325838 -0.920635875498031
-0.280953374864835 -0.969955560257247
-0.142412769284065 -0.999990578831164
-0.00102581828393613 -1.01013257828742
0.140346610272395 -1.00018412280037
0.278847238194613 -0.97036237106087
0.411683503517712 -0.921293203840911
0.536186781514612 -0.853996046357534
0.649868212476185 -0.769859913248293
0.75046979441819 -0.670611456790456
0.836009589990996 -0.558276010027431
0.904820120863824 -0.435132777577586
0.955579266075568 -0.303665433701995
0.987333229492839 -0.166509439117611
0.999511382708348 -0.0263973880298807
0.991933012362755 0.113896349097862
0.964806196344053 0.251610505172505
0.918719195810379 0.384050248307197
0.854624876648625 0.508638025157645
0.773818764803756 0.622961112389112
0.677911397373241 0.724815209123646
0.568795659962027 0.812243530866818
0.448609806497194 0.883570978947141
0.319696847318108 0.937433055482583
0.184560971947621 0.972799271030591
0.0458216512597958 0.988990851146931
-0.0938339542707424 0.985692591671412
-0.231699663208429 0.962958744789382
-0.365099399771459 0.921212844027236
-0.491436144694579 0.861241402249009
-0.608240049384552 0.784181448544967
-0.713215015197025 0.691501913442215
-0.804282996697008 0.584978932093386
-0.879625244862999 0.46666521565878
-0.937719670386255 0.338853743864374
-0.977373486256803 0.204036156430158
-0.997750290591034 0.0648563650816793
-0.998390782446464 -0.0759399339098924
-0.979226371187352 -0.215559001686923
-0.940585047791975 -0.351215045872732
-0.883189035665672 -0.480187300356993
-0.808143927278205 -0.59987691527328
-0.71691923619107 -0.707862288518266
-0.611320543440459 -0.80195142789239
-0.493453681596265 -0.880229944084656
-0.365681665774015 -0.941103343698363
-0.230575333896031 -0.983332418983643
-0.0908588840023681 -1.00606071352058
0.0506483190043032 -1.00883327342581
0.191092162218216 -0.991606160868921
0.327644851469368 -0.954746497212173
0.457565039137753 -0.899023101725573
0.578255480484037 -0.825588082966384
0.687316799017292 -0.735950008767188
0.782596105191358 -0.631939514534839
0.862229416173821 -0.515668398286096
0.924677054688375 -0.389483388083534
0.968751448353549 -0.255915850588116
0.993636994213948 -0.117628739288254
0.99890188426956 0.0226379381362629
0.984501996812741 0.162121914973471
0.9507771379436 0.298092599140701
0.898440063282262 0.427903139014769
0.828558820036334 0.549039746125802
0.742533025281404 0.659167534328543
0.642064740911244 0.756172265628148
0.529124624313998 0.838197512473621
0.405914032716158 0.90367685044448
0.274823745179921 0.951360781356066
0.138389946324178 0.980338154497061
-0.000751903667942621 0.990051904531176
-0.139914701896959 0.980308961771812
-0.276408231447527 0.951284218646945
-0.407587970525496 0.90351846072273
-0.530903545331064 0.837910197641774
-0.643946157103679 0.75570136474148
-0.744494272488391 0.658456915420452
-0.830556821534448 0.548038391969865
-0.900413105549165 0.426571651541137
-0.952648585022358 0.296409035231614
-0.98618570373203 0.160086400760495
-1.00030891662145 0.0202755892966768
-0.994683132933546 -0.120266941298726
-0.969364867657598 -0.258754419425813
-0.924805516586893 -0.392425942907901
-0.861846333384599 -0.518603345376092
-0.781704888002205 -0.634747436844951
-0.685953018283967 -0.738512237031819
-0.576486541211824 -0.827795796187212
-0.455487254994349 -0.900786229441604
-0.325378024288864 -0.956001679955124
-0.188771983724768 -0.992323072637081
-0.0484171054452408 -1.00901871902055
0.0928624579133398 -1.00576007638142
0.232226732367397 -0.982628238531863
0.366880411405273 -0.940111027754302
0.494131915292302 -0.879090851769935
0.611449536320713 -0.800823771214304
0.716513315657101 -0.706910477839284
0.807261474008978 -0.599260099898458
0.881930429628618 -0.480047920317212
0.939087670111639 -0.351668210285851
0.97765698559701 -0.21668344453082
0.996935807593714 -0.0777711769090725
0.996604618588323 0.0623301786404981
0.97672859392688 0.200875488789923
0.937751802996279 0.33516589149609
0.880484428084722 0.462599685798427
0.8060835558805 0.580720300427088
0.71602816027035 0.687260652261092
0.612088929884525 0.780183330273006
0.496293605201422 0.857716152643811
0.370888484423129 0.918382740436803
0.238296741592547 0.961027828872972
0.101074181195136 0.984837097158682
-0.0381369632448117 0.989351342120657
-0.176655588413813 0.97447485329654
-0.311810038655961 0.940477872500216
-0.440986567861967 0.887993044895435
-0.561677305374614 0.818005797250828
-0.671527048175046 0.731838618121676
-0.768378157398814 0.631129269340407
-0.850312791457975 0.517803032362635
-0.915691667364847 0.394039189049608
-0.963188513766205 0.262232054706719
-0.991819371499211 0.12494701969542
-1.000965917601 -0.0151277896560278
-0.990392042995552 -0.155233456488987
-0.960253007107665 -0.292594886747474
-0.911096626543977 -0.424476997709076
-0.843856128930442 -0.548241255786895
-0.75983451297498 -0.661401236621046
-0.660680494568499 -0.761675821759994
-0.548356376038507 -0.847038638045819
-0.425098438980663 -0.915762393512097
-0.293370716408136 -0.966456869004388
-0.155813232887947 -0.998099485760411
-0.0151859982812635 -1.010057579821
0.125689809984833 -1.0021017647698
0.263991948232646 -0.974410042402474
0.396956932004305 -0.92756261206012
0.521938057088233 -0.862527618308771
0.636460177614621 -0.780638348629341
0.738269945293308 -0.683562634604162
0.825380398994545 -0.573265411091814
0.896109009551592 -0.451965540641439
0.949108517790699 -0.322088111070053
0.98339014124678 -0.186213462485541
0.998338954644089 -0.0470241991912563
0.993721460633169 0.0927486022405092
0.969685552472619 0.230378856902354
0.92675322403194 0.36319758118655
0.865806502173808 0.48864274367221
0.78806716241662 0.60430608161222
0.695070843286583 0.707976234665757
0.588636202333371 0.797677666359365
0.470829763141427 0.871704948993749
0.34392709433285 0.92865207620807
0.210370945251031 0.96743653807274
0.0727269451438849 0.987317947253733
-0.0663625411447203 0.987911044059933
-0.204225813270861 0.969192937072249
-0.338209897407184 0.93150445965044
-0.465728657433277 0.875545546658594
-0.584310311527996 0.802364566163201
-0.691643669643734 0.713341583253755
-0.785622361037587 0.610165592329005
-0.864386274868117 0.494805833716337
-0.92635939771462 0.369477412165978
-0.970283207324022 0.236601558333302
-0.995244779648138 0.0987610172728686
-1.00069879346742 -0.041348794726677
-0.986482679517452 -0.180972059147789
-0.952824263003599 -0.317347281742172
-0.900341391113258 -0.447763358139405
-0.830033219015252 -0.569615733807421
-0.74326304405149 -0.680461321793529
-0.641732820397645 -0.778070794096626
-0.527449744631708 -0.860476866665106
-0.402685563523614 -0.926017258356628
-0.269929504879801 -0.97337112160298
-0.13183595629304 -1.00158791395773
0.00883179791452005 -1.01010789829149
0.149260335298872 -0.998773714854957
0.286645824479872 -0.967832747824602
0.418253182497306 -0.917930297719608
0.541473161752905 -0.850093854208712
0.653875969044128 -0.765709027009159
0.753260170024331 -0.666487923328616
0.837695822662668 -0.554430948818541
0.905561000737983 -0.431783148792144
0.955571100082617 -0.300986294576746
0.986800553416955 -0.164627956900283
0.998696802563337 -0.0253887979089913
0.998764081696616 -1.46775988290373E-15
