0 0
0.00360413345877313 0.00360250973652455
0.00707367332253255 0.00706720044221504
0.0104626667478956 0.0104481465856586
0.0138032563944267 0.0137774146158631
0.0171149262233698 0.0170743590196185
0.0204096369302098 0.0203507834033707
0.0236947960611087 0.0236139240273258
0.026975023374538 0.0268682222151728
0.0302532191648834 0.0301163963229864
0.0335312183226014 0.0333600976123052
0.0368101937490975 0.0366003144985178
0.0400909063470626 0.0398376228631272
0.0433738603940684 0.0430723414933716
0.0466594002896224 0.0463046287768949
0.0499477708677329 0.0495345429152374
0.0532391550244309 0.0527620794411269
0.0565336972046418 0.0559871946000183
0.0598315180682225 0.0592098199216441
0.0631327236512237 0.062429871298633
0.0664374110909217 0.065647254639559
0.0697456722055458 0.0688618693854109
0.0730575957345519 0.0720736106933334
0.0763732687425758 0.0752823707889961
0.0796927775012184 0.0784880398002934
0.0830162080448355 0.0816905062674063
0.0863436465228282 0.084889657450864
0.0896751794249278 0.0880853795134571
0.0930108937272424 0.0912775576233035
0.0963508769888904 0.0944660760075517
0.0996952174178462 0.0976508179751051
0.103044003917626 0.100831665919816
0.106397326122076 0.104008501311285
0.109755274422787 0.107181204677701
0.113117939991976 0.110349655583482
0.116485414802588 0.11351373260343
0.119857791646724 0.116673313294447
0.123235164153074 0.11982827416548
0.126617626803785 0.122978490646067
0.130005274951021 0.126123837053744
0.133398204833382 0.129264186560435
0.136796513592268 0.132399411157901
0.140200299288254 0.135529381622289
0.143609660917503 0.138653967477796
0.147024698428223 0.141773036959422
0.150445512737189 0.14488645697483
0.153872205746299 0.147994093065254
0.157304880359184 0.151095809365463
0.160743640497828 0.154191468562725
0.16418859111921 0.157280931854752
0.167639838231921 0.160364058906589
0.171097488912751 0.163440707806403
0.174561651323216 0.166510735020152
0.178032434725992 0.169573995345074
0.181509949501229 0.172630341861963
0.184994307162713 0.175679625886202
0.188485620373832 0.178721696917488
0.191984002963314 0.181756402588219
0.195489569940681 0.184783588610489
0.199002437511386 0.187803098721653
0.202522723091564 0.190814774628394
0.206050545322351 0.193818455949266
0.209586024083707 0.196813980155638
0.213129280507672 0.199801182510998
0.216680436990986 0.202779896008563
0.220239617206985 0.205749951307128
0.223806946116706 0.208711176665105
0.227382549979084 0.211663397872694
0.230966556360157 0.21460643818212
0.234559094141169 0.217540118235873
0.238160293525439 0.220464255992896
0.241770286043889 0.223378666652654
0.245389204559082 0.226283162577017
0.249017183267614 0.229177553209891
0.252654357700725 0.232061644994538
0.256300864722923 0.234935241288512
0.259956842528466 0.237798142276151
0.263622430635479 0.240650144878548
0.267297769877499 0.243491042660953
0.270983002392219 0.246320625737524
0.274678271607168 0.249138680673376
0.27838372222207 0.251944990383865
0.282099500187588 0.25473933403104
0.285825752680136 0.257521486917219
0.289562628072435 0.260291220375632
0.293310275899447 0.263048301658078
0.297068846819303 0.265792493819575
0.300838492568815 0.268523555599935
0.304619365913134 0.271241241302273
0.308411620589066 0.273945300668408
0.312215411241566 0.276635478751156
0.31603089335284 0.27931151578352
0.319858223163506 0.281973147044803
0.323697557585182 0.284620102723665
0.327549054103852 0.287252107778188
0.331412870673313 0.289868881793021
0.33528916559796 0.292470138833705
0.33917809740413 0.295055587298295
0.343079824699162 0.297624929766443
0.3469945060173 0.300177862846126
0.350922299651503 0.30271407701824
0.354863363470182 0.305233256479341
0.358817854717839 0.307735078982833
0.362785929798508 0.310219215678984
0.36676774404088 0.312685330954179
0.370763451443926 0.315133082269918
0.374773204401769 0.317562120002107
0.378797153406555 0.319972087281278
0.382835446727985 0.32236261983447
0.386888230068154 0.324733345829584
0.390955646190322 0.327083885723126
0.395037834520196 0.329413852112379
0.39913493071831 0.331722849593149
0.403247066222075 0.334010474624367
0.407374367756091 0.336276315400969
0.411516956809342 0.33851995173664
0.415674949077935 0.340740954958139
0.419848453872143 0.342938887813129
0.424037573486555 0.345113304393598
0.428242402532345 0.347263750077141
0.432463027230742 0.349389761488599
0.436699524667075 0.351490866484729
0.44095196200492 0.35356658416481
0.445220395660264 0.355616424910295
0.449504870435843 0.35763989045684
0.45380541861631 0.359636474002242
0.458122059025267 0.361605660354056
0.462454796045796 0.3635469261208
0.466803618606664 0.365459739950888
0.47116849913709 0.367343562823555
0.475549392493688 0.36919784839615
0.479946234864022 0.371022043412286
0.484358942652116 0.372815588175324
0.488787411352207 0.374577917091688
0.493231514418077 0.376308459288352
0.497691102136366 0.378006639308717
0.502166000513408 0.379671877890776
0.506656010186272 0.381303592831104
0.511160905369853 0.382901199937713
0.515680432852985 0.384464114074183
0.520214311057646 0.385991750296709
0.524762229176322 0.387483525084819
0.529323846403468 0.388938857665437
0.533898791277732 0.390357171428787
0.538486661152112 0.391737895433269
0.543087021809447 0.393080465994956
0.547699407240608 0.394384328355762
0.552323319602344 0.395648938422622
0.556958229370919 0.396873764568236
0.561603575706484 0.398058289482138
0.566258767041431 0.399202012059005
0.570923181903814 0.400304449309417
0.575596169984343 0.401365138276559
0.580277053452349 0.402383637940955
0.58496512852264 0.403359531093976
0.589659667271332 0.404292426159969
0.594359919694554 0.405181958946151
0.599065115999621 0.406027794299195
0.603774469113808 0.406829627647622
0.608487177391481 0.407587186409731
0.613202427496094 0.408300231247927
0.617919397429674 0.408968557151905
0.622637259678903 0.409591994335188
0.627355184444035 0.410170408931968
0.632072342914649 0.410703703484043
0.636787910554798 0.411191817210765
0.641501070359511 0.411634726058229
0.646211016044865 0.412032442527396
0.650916955135006 0.412385015284299
0.655618111911447 0.412692528558876
0.660313730192775 0.412955101342149
0.66500307591632 0.413172886394432
0.669685439497357 0.413346069079804
0.674360137945864 0.413474866044267
0.679026516725576 0.41355952375673
0.683683951344965 0.413600316933161
0.688331848674576 0.413597546865023
0.692969647989892 0.413551539673326
0.697596821743282 0.413462644509458
0.702212876072628 0.413331231723303
0.706817351057808 0.41315769101819
0.711409820739228 0.412942429610903
0.715989892915118 0.412685870413453
0.720557208736202 0.412388450251579
0.725111442117701 0.412050618133111
0.729652298989481 0.41167283357741
0.734179516405434 0.411255565015231
0.738692861533115 0.41079928826645
0.743192130544093 0.410304485101352
0.747677147424699 0.409771641889477
0.752147762725719 0.409201248338523
0.756603852268329 0.408593796324395
0.761045315822106 0.407949778812298
0.765472075769446 0.407269688867696
0.769884075769183 0.406554018755085
0.774281279430597 0.405803259121782
0.778663669007527 0.405017898263365
0.783031244120808 0.404198421466909
0.787384020515883 0.403345310427886
0.791722028861151 0.402459042736326
0.796045313591446 0.401540091427762
0.800353931799955 0.400588924594389
0.804647952180936 0.399606005051936
0.808927454024779 0.398591790057817
0.813192526266174 0.397546731076242
0.817443266585565 0.39647127358615
0.821679780563496 0.395365856928016
0.825902180887045 0.394230914185777
0.830110586607146 0.39306687210036
0.83430512244532 0.391874151011503
0.838485918148105 0.390653164824815
0.842653107887309 0.389404321001213
0.846806829704068 0.388128020566133
0.85094722499463 0.386824658136095
0.855074438035732 0.385494621960428
0.859188615547421 0.384138293976151
0.863289906291186 0.382756049874183
0.867378460701284 0.381348259175244
0.87145443054722 0.37991528531395
0.875517968625366 0.378457485729784
0.879569228477792 0.376975211963728
0.883608364136473 0.375468809759498
0.887635529891077 0.373938619168427
0.891650880078679 0.372384974657159
0.89565456889378 0.370808205217394
0.899646750217137 0.369208634477036
0.903627577461976 0.367586580812166
0.907597203436254 0.365942357459328
0.911555780219713 0.3642762726277
0.915503459054556 0.36258862961076
0.919440390248642 0.36087972689712
0.923366723090193 0.359149858280254
0.927282605773044 0.357399312966884
0.931188185331565 0.355628375683804
0.935083607584429 0.353837326783007
0.938969017086464 0.352026442344947
0.94284455708789 0.350195994279852
0.946710369500283 0.348346250426976
0.950566594868674 0.346477474651746
0.954413372349212 0.344589926940739
0.958250839691897 0.342683863494461
0.962079133227895 0.340759536817912
0.965898387861009 0.338817195808923
0.96970873706291 0.336857085844273
0.973510312871751 0.334879448863596
0.977303245893829 0.332884523451091
0.981087665307992 0.330872544915077
0.984863698872504 0.328843745365401
0.988631472934102 0.326798353788754
0.992391112439017 0.324736596121928
0.996142740945732 0.322658695323049
0.999886480639281 0.320564871440844
1.00362245234692 0.318455341681981
1.00735077555496 0.316330320476526
1.01107156842671 0.31419001954158
1.01478494782123 0.31203464794313
1.01849102931294 0.30986441215618
1.02218992721186 0.307679516123197
1.02588175458444 0.305480161310933
1.0295666232748 0.303266546765675
1.03324464392643 0.301038869166953
1.03691592600412 0.298797322879789
1.0405805778162 0.296542100005498
1.04423870653687 0.294273390431113
1.04789041822874 0.291991381877475
1.05153581786535 0.289696259946024
1.05517500935378 0.287388208164349
1.05880809555716 0.285067408030532
1.06243517831724 0.282734039056324
1.06605635847674 0.280388278809206
1.06967173590169 0.278030302953364
1.07328140950356 0.275660285289622
1.07688547726124 0.273278397794369
1.08048403624289 0.270884810657514
1.08407718262747 0.268479692319507
1.08766501172621 0.266063209507458
1.0912476180037 0.263635527270394
1.09482509509886 0.261196809013666
1.09839753584557 0.258747216532564
1.10196503229314 0.256286910045147
1.10552767572642 0.253816048224327
1.10908555668575 0.251334788229238
1.11263876498652 0.248843285735899
1.11618738973861 0.246341694967223
1.1197315193654 0.243830168722372
1.12327124162264 0.2413088584055
1.12680664361699 0.238777914053892
1.13033781182425 0.236237484365535
1.13386483210745 0.233687716726135
1.13738778973453 0.231128757235597
1.14090676939585 0.228560750733994
1.1444218552214 0.225983840827052
1.1479331307978 0.223398169911141
1.15144067918499 0.22080387919783
1.1549445829327 0.218201108737984
1.1584449240967 0.215589997445449
1.1619417842548 0.212970683120322
1.16543524452259 0.210343302471838
1.16892538556897 0.207707991140866
1.17241228763151 0.205064883722053
1.17589603053151 0.202414113785617
1.17937669368892 0.199755813898797
1.182854356137 0.197090115646991
1.18632909653684 0.194417149654569
1.18980099319164 0.191737045605403
1.19327012406086 0.189049932263098
1.19673656677409 0.186355937490955
1.20020039864488 0.183655188271661
1.20366169668432 0.180947810726733
1.20712053761442 0.178233930135712
1.21057699788147 0.175513670955127
1.21403115366911 0.172787156837228
1.21748308091138 0.170054510648515
1.22093285530548 0.167315854488045
1.22438055232457 0.164571309705555
1.22782624723036 0.161820996919391
1.23127001508553 0.159065036034252
1.23471193076616 0.156303546258771
1.23815206897395 0.153536646122921
1.24159050424839 0.150764453495274
1.24502731097882 0.147987085600097
1.2484625634164 0.145204659034325
1.251896335686 0.142417289784378
1.25532870179802 0.139625093242864
1.25875973566013 0.136828184225159
1.26218951108892 0.134026676985867
1.26561810182154 0.131220685235175
1.26904558152723 0.128410322155112
1.27247202381887 0.125595700415701
1.27589750226438 0.122776932191038
1.27932209039821 0.119954129175273
1.28274586173268 0.117127402598526
1.28616888976937 0.114296863242727
1.28959124801046 0.111462621457394
1.29301300997004 0.108624787175353
1.29643424918544 0.105783469928402
1.29985503922851 0.102938778862932
1.30327545371697 0.100090822755509
1.30669556632565 0.0972397100284136
1.3101154507979 0.0943855487651566
1.31353518095684 0.0915284467259719
1.31695483071675 0.0886685113632879
1.32037447409448 0.0858058498371885
1.32379418522079 0.0829405690308679
1.32721403835187 0.0800727755660836
1.33063410788078 0.0772025758186154
1.33405446834902 0.0743300759337345
1.3374751944581 0.0714553818416895
1.34089636108117 0.0685785992732147
1.34431804327476 0.0656998337750671
1.34774031629057 0.0628191907255969
1.35116325558726 0.0599367753503587
1.35458693684243 0.0570526927377696
1.35801143596464 0.0541670478548189
1.36143682910547 0.0512799455628366
1.36486319267178 0.0483914906333278
1.36829060333798 0.0455017877638778
1.37171913805842 0.042610941594135
1.37514887407995 0.0397190567218794
1.37857988895457 0.036826237719181
1.38201226055214 0.033932589148658
1.38544606707332 0.0310382155798393
1.3888813870626 0.0281432216056391
1.39231829942145 0.0252477118589523
1.39575688342164 0.0223517910293765
1.39919721871876 0.0194555638800683
1.40263938536577 0.0165591352647434
1.40608346382687 0.0136626101448268
1.40952953499147 0.0107660936067615
1.41297768018827 0.00786969087948569
1.41642798119966 0.00497350735208511
1.41988052027622 0.00207764859163053
1.42333538015144 -0.000817779638790391
1.42679264405666 -0.00371267136183795
1.43025239573615 -0.00660692036747193
1.43371471946255 -0.00950042019427995
1.43717970005235 -0.0123930641105723
1.44064742288176 -0.0152847450952328
1.44411797390273 -0.0181753558183143
1.4475914396592 -0.0210647886213687
1.45106790730369 -0.0239529354974978
1.45454746461406 -0.0268396880711152
1.45803020001053 -0.0297249375774056
1.46151620257308 -0.0326085748414684
1.46500556205898 -0.0354904902571334
1.46849836892071 -0.038370573765434
1.47199471432412 -0.0412487148327234
1.47549469016691 -0.0441248024284208
1.47899838909741 -0.04699872500237
1.48250590453367 -0.0498703704617964
1.48601733068285 -0.0527396261478453
1.48953276256095 -0.0556063788116843
1.49305229601291 -0.0584705145901534
1.49657602773296 -0.0613319189809423
1.50010405528538 -0.0641904768172789
1.50363647712562 -0.0670460722421066
1.50717339262167 -0.0698985886817319
1.51071490207597 -0.07274790881892
1.51426110674749 -0.0755939145654171
1.51781210887432 -0.0784364870338759
1.5213680116966 -0.0812755065091611
1.52492891947977 -0.0841108524190101
1.52849493753831 -0.0869424033040229
1.53206617225976 -0.0897700367869546
1.53564273112921 -0.092593629541283
1.53922472275414 -0.0954130572590227
1.54281225688965 -0.0982281946177544
1.54640544446412 -0.10103891524684
1.55000439760521 -0.103845091692788
1.55360922966629 -0.106646595383742
1.55722005525326 -0.109443296593046
1.56083699025171 -0.11223506440186
1.56446015185452 -0.115021766660786
1.56808965858979 -0.117803269950458
1.57172563034915 -0.120579439541063
1.57536818841642 -0.123350139350744
1.57901745549662 -0.126115231902843
1.58267355574529 -0.128874578281941
1.58633661479815 -0.131628038088634
1.59000675980104 -0.134375469393011
1.5936841194401 -0.137116728686766
1.59736882397224 -0.139851670833905
1.60106100525582 -0.142580149019974
1.60476079678145 -0.145302014699761
1.60846833370305 -0.148017117543407
1.61218375286891 -0.15072530538086
1.61590719285284 -0.153426424144608
1.61963879398537 -0.156120317810618
1.62337869838484 -0.158806828337415
1.62712704998842 -0.161485795603221
1.63088399458291 -0.164157057341077
1.63464967983527 -0.166820449071869
1.63842425532285 -0.169475804035177
1.64220787256314 -0.172122953117855
1.64600068504291 -0.174761724780255
1.64980284824679 -0.177391944980002
1.65361451968497 -0.18001343709323
1.65743585891994 -0.182626021833165
1.66126702759222 -0.185229517165974
1.66510818944472 -0.187823738223754
1.66895951034571 -0.190408497214567
1.6728211583101 -0.192983603329408
1.67669330351883 -0.195548862645982
1.68057611833613 -0.198104078029193
1.68446977732437 -0.2006490490282
1.68837445725624 -0.203183571769947
1.69229033712383 -0.205707438849019
1.69621759814448 -0.208220439213724
1.70015642376273 -0.210722358048248
1.70410699964817 -0.213212976650787
1.70806951368872 -0.215692072307506
1.71204415597868 -0.218159418162215
1.71603111880121 -0.220614783081638
1.72003059660457 -0.223057931516146
1.72404278597147 -0.225488623355858
1.72806788558084 -0.227906613781979
1.73210609616138 -0.230311653113291
1.73615762043594 -0.232703486647694
1.7402226630559 -0.235081854498722
1.74430143052471 -0.237446491426963
1.74839413110939 -0.239797126666337
1.75250097473899 -0.242133483745198
1.75662217288888 -0.244455280302254
1.76075793844943 -0.246762227897329
1.76490848557783 -0.249054031817015
1.76907402953146 -0.251330390875317
1.77325478648141 -0.2535909972094
1.77745097330418 -0.255835536070658
1.78166280734995 -0.25806368561131
1.78589050618539 -0.260275116666853
1.79013428730896 -0.262469492534747
1.79439436783646 -0.264646468749792
1.79867096415459 -0.266805692856758
1.80296429153996 -0.268946804180943
1.80727456374099 -0.271069433597436
1.81160199252002 -0.273173203300014
1.81594678715274 -0.275257726570751
1.82030915388198 -0.277322607551566
1.82468929532284 -0.279367441019156
1.82908740981595 -0.281391812164937
1.83350369072579 -0.283395296381851
1.8379383256806 -0.285377459060158
1.84239149575086 -0.287337855394586
1.84686337456295 -0.289276030205506
1.85135412734503 -0.291191517777146
1.85586390990198 -0.293083841716153
1.86039286751675 -0.294952514834217
1.86494113377571 -0.296797039058842
1.86950882931568 -0.298616905376748
1.87409606049142 -0.300411593814813
1.87870291796231 -0.302180573463918
1.88332947519819 -0.303923302551454
1.88797578690508 -0.305639228568726
1.89264188737256 -0.307327788459887
1.89732778874584 -0.30898840887946
1.90203347922712 -0.31062050652584
1.90675892121238 -0.312223488558498
1.9115040493717 -0.313796753106844
1.91626876868323 -0.315339689878841
1.92105295243323 -0.316851680877476
1.92585644019717 -0.318332101233097
1.93067903581943 -0.319780320159291
1.93552050541192 -0.321195702039509
1.94038057539494 -0.322577607650873
1.94525893060642 -0.323925395530638
1.9501552125085 -0.325238423489454
1.95506901752319 -0.326516050274001
1.95999989553134 -0.327757637379613
1.96494734857104 -0.328962551011263
1.96991082977343 -0.330130164188656
1.97488974257449 -0.331259858988295
1.97988344024173 -0.332351028912138
1.9848912257538 -0.33340308136911
1.9899123520689 -0.334415440252067
1.99494602281515 -0.335387548589225
1.99999139343124 -0.336318871245408
2.00504757278041 -0.337208897645056
2.01011362525351 -0.338057144485767
2.01518857336889 -0.338863158408485
2.02027140086746 -0.339626518588373
2.02536105629141 -0.340346839209046
2.03045645702403 -0.341023771782415
2.03555649375747 -0.341657007276877
2.04066003534437 -0.342246278018159
2.04576593397891 -0.342791359329718
2.05087303064401 -0.343292070883288
2.05598016075309 -0.343748277734757
2.06108615990892 -0.344159891026083
2.06618986969814 -0.34452686834009
2.07129014343795 -0.344849213701654
2.07638585179226 -0.345126977225669
2.0814758881775 -0.345360254419086
2.08655917388341 -0.345549185150962
2.09163466284149 -0.345693952310618
2.09670134598266 -0.34579478017948
2.10175825513605 -0.345851932546771
2.10680446643216 -0.345865710602851
2.11183910318518 -0.345836450646547
2.11686133824112 -0.345764521644267
2.12187039578967 -0.345650322679083
2.12686555264838 -0.345494280327379
2.13184613903707 -0.345296845999141
2.13681153886893 -0.345058493275709
2.14176118959115 -0.344779715275969
2.14669458161362 -0.344461022078591
2.15161125736771 -0.344102938224354
2.15651081003968 -0.343706000318777
2.16139288202412 -0.343270754751529
2.16625716314268 -0.342797755545369
2.17110338867225 -0.342287562343897
2.17593133722447 -0.341740738544132
2.18074082851596 -0.341157849577054
2.18553172106538 -0.340539461336634
2.19030390984992 -0.339886138755686
2.19505732395027 -0.339198444525023
2.19979192420919 -0.338476937950887
2.20450770092559 -0.337722173944451
2.2092046716019 -0.3369347021363
2.21388287875996 -0.336115066108209
2.21854238783698 -0.33526380273414
2.22318328517073 -0.334381441622206
2.22780567608066 -0.333468504649345
2.23240968304913 -0.332525505580584
2.23699544400558 -0.331552949764982
2.24156311071439 -0.330551333900694
2.24611284726603 -0.329521145861957
2.25064482867003 -0.32846286458123
2.25515923954736 -0.32737695998017
2.25965627291892 -0.326263892943578
2.26413612908663 -0.325124115330928
2.26859901460296 -0.323958070020531
2.27304514132455 -0.322766190981836
2.27747472554537 -0.321548903371795
2.28188798720492 -0.32030662365161
2.28628514916671 -0.319039759720574
2.29066643656265 -0.317748711064047
2.29503207619873 -0.316433868912957
2.29938229601781 -0.31509561641249
2.30371732461529 -0.313734328797932
2.30803739080369 -0.312350373575859
2.31234272322243 -0.310944110709098
2.31663354998912 -0.309515892804092
2.3209100983892 -0.308066065299481
2.32517259460044 -0.306594966654885
2.32942126344978 -0.305102928538998
2.33365632819932 -0.303590276016269
2.3378780103592 -0.30205732773152
2.34208652952488 -0.300504396091994
2.3462821032366 -0.298931787446392
2.35046494685903 -0.297339802260533
2.35463527347921 -0.29572873528937
2.35879329382105 -0.294098875745122
2.36293921617485 -0.292450507461358
2.36707324634032 -0.290783909052909
2.37119558758175 -0.28909935407151
2.37530644059421 -0.287397111157141
2.37940600347958 -0.285677444185029
2.38349447173137 -0.283940612408316
2.38757203822747 -0.282186870596429
2.39163889322995 -0.280416469169179
2.39569522439107 -0.278629654326655
2.39974121676492 -0.276826668174988
2.40377705282398 -0.275007748848047
2.40780291247998 -0.273173130625174
2.41181897310861 -0.271323044045043
2.41582540957757 -0.269457716015743
2.41982239427753 -0.267577369921188
2.42381009715559 -0.265682225723959
2.42778868575091 -0.263772500064692
2.43175832523221 -0.261848406358112
2.43571917843677 -0.259910154885818
2.43967140591083 -0.257957952885941
2.44361516595091 -0.255992004639766
2.44755061464613 -0.254012511555439
2.45147790592112 -0.252019672248841
2.45539719157944 -0.250013682621759
2.4593086213474 -0.247994735937424
2.46321234291804 -0.24596302289354
2.46710850199522 -0.243918731692876
2.47099724233778 -0.24186204811153
2.47487870580349 -0.239793155564946
2.4787530323929 -0.237712235171769
2.48262036029293 -0.235619465815631
2.48648082592012 -0.233515024204938
2.4903345639635 -0.231399084930747
2.49418170742713 -0.229271820522799
2.49802238767204 -0.227133401503793
2.50185673445782 -0.224983996441955
2.50568487598361 -0.222823772001986
2.50950693892855 -0.220652892994448
2.51332304849167 -0.218471522423648
2.51713332843124 -0.216279821534085
2.52093790110345 -0.214077949855513
2.52473688750052 -0.211866065246689
2.52853040728827 -0.209644323937836
2.53231857884291 -0.207412880571904
2.5361015192874 -0.205171888244644
2.53987934452706 -0.202921498543579
2.54365216928464 -0.200661861585881
2.54742010713475 -0.198393126055232
2.55118327053765 -0.196115439237685
2.55494177087258 -0.193828947056581
2.55869571847028 -0.191533794106555
2.56244522264516 -0.189230123686671
2.56619039172672 -0.186918077832717
2.56993133309048 -0.184597797348699
2.57366815318842 -0.18226942183757
2.5774009575787 -0.179933089731216
2.58112985095509 -0.177588938319736
2.58485493717566 -0.175237103780051
2.58857631929112 -0.172877721203855
2.59229409957257 -0.170510924624949
2.59600837953889 -0.168136847045978
2.59971925998349 -0.165755620464598
2.60342684100078 -0.163367375899093
2.6071312220121 -0.160972243413468
2.61083250179127 -0.158570352142049
2.61453077848969 -0.156161830313588
2.61822614966107 -0.153746805274924
2.62191871228578 -0.151325403514192
2.62560856279479 -0.14889775068362
2.62929579709332 -0.146463971621922
2.63298051058403 -0.144024190376302
2.63666279819005 -0.141578530224101
2.64034275437749 -0.139127113694082
2.64402047317781 -0.136670062587395
2.6476960482098 -0.134207497998208
2.65136957270133 -0.131739540334047
2.6550411395108 -0.129266309335843
2.65871084114836 -0.126787924097699
2.66237876979685 -0.124304503086405
2.66604501733256 -0.121816164160698
2.66970967534576 -0.119323024590291
2.67337283516095 -0.116825201074677
2.67703458785703 -0.114322809761722
2.68069502428723 -0.111815966266066
2.68435423509885 -0.109304785687327
2.68801231075288 -0.106789382628138
2.69166934154343 -0.104269871212013
2.69532541761709 -0.101746365101064
2.69898062899212 -0.0992189775135725
2.70263506557749 -0.0966878212414259
2.70628881719191 -0.094153008667434
2.7099419735827 -0.091614651782531
2.71359462444459 -0.089072862202874
2.7172468594385 -0.086527751186848
2.72089876821015 -0.0839794296519868
2.72455044040879 -0.0814280081918182
2.72820196570573 -0.0788735970926445
2.73185343381292 -0.0763163063502654
2.73550493450157 -0.0737562456866541
2.73915655762062 -0.0711935245665943
2.74280839311538 -0.0686282522142882
2.74646053104606 -0.0660605376299428
2.75011306160642 -0.0634904896063453
2.75376607514239 -0.0609182167454352
2.75741966217077 -0.0583438274748818
2.76107391339802 -0.0557674300646765
2.76472891973906 -0.0531891326437495
2.7683847723362 -0.0506090432166177
2.77204156257817 -0.0480272696800746
2.77569938211918 -0.0454439198399312
2.7793583228982 -0.0428591014278155
2.78301847715829 -0.0402729221180413
2.78667993746611 -0.0376854895445553
2.79034279673153 -0.035096911317971
2.79400714822749 -0.0325072950427003
2.79767308560991 -0.0299167483341913
2.80134070293791 -0.0273253788362831
2.80501009469412 -0.024733294238687
2.80868135580524 -0.0221406022946047
2.81235458166287 -0.0195474108384931
2.81602986814447 -0.0169538278039885
2.8197073116346 -0.0143599612419979
2.82338700904651 -0.0117659193389712
2.82706905784383 -0.00917181043536513
2.83075355606266 -0.00657774304430912
2.83444060233393 -0.00398382587048754
2.83813029590603 -0.00139016782924872
2.84182273666782 0.00120312193404548
2.84551802517189 0.0037959340244169
2.84921626265825 0.00638815877740129
2.85291755107832 0.00897968623889798
2.85662199311933 0.0115704061447242
2.86032969222908 0.0141602078998596
2.8640407526411 0.0167489805573655
2.86775527940026 0.0193366127969627
2.87147337838877 0.0219229929032521
2.87519515635266 0.0245080087435606
2.87892072092867 0.0270915477453949
2.88265018067166 0.0296734968734845
2.8863836450825 0.0322537426063961
2.89012122463643 0.0348321709126983
2.89386303081202 0.037408667226657
2.89760917612052 0.0399831164234407
2.90135977413595 0.0425554027938122
2.90511493952558 0.0451254100182854
2.90887478808112 0.0476930211407225
2.91263943675041 0.0502581185413465
2.91640900366983 0.0528205839091441
2.92018360819721 0.0553802982136314
2.9239633709455 0.0579371416759537
2.927748413817 0.0604909937392923
2.93153886003839 0.0630417330385452
2.9353348341963 0.0655892373692514
2.9391364622737 0.0681333836557255
2.94294387168697 0.070674047918368
2.94675719132366 0.0732111052401135
2.9505765515811 0.0757444297319821
2.95440208440562 0.0782738944976916
2.95823392333272 0.0807993715972908
2.96207220352786 0.0833207320097705
2.96591706182811 0.0858378455946067
2.96976863678465 0.0883505810521902
2.97362706870597 0.0908588058830909
2.97749249970197 0.0933623863461088
2.98136507372886 0.0958611874150537
2.98524493663484 0.0983550727342008
2.98913223620666 0.100843904572362
2.993027122217 0.103327543775508
2.99692974647256 0.105805849717884
3.00084026286314 0.108278680251546
3.00475882741133 0.110745891654241
3.00868559832313 0.113207338575575
3.01262073603921 0.115662873981373
3.01656440328703 0.118112349096158
3.02051676513356 0.120555613343664
3.02447798903874 0.122992514285293
3.02844824490954 0.125422897556426
3.03242770515463 0.127846606800484
3.03641654473957 0.130263483600643
3.04041494124241 0.132673367409094
3.04442307490977 0.135076095473743
3.04844112871311 0.137471502762223
3.05246928840533 0.139859421883103
3.05650774257729 0.142239683004177
3.06055668271446 0.144612113767675
3.06461630325326 0.146976539202289
3.06868680163714 0.149332781631846
3.0727683783721 0.151680660580485
3.07686123708146 0.154019992674194
3.08096558455975 0.156350591538518
3.08508163082536 0.158672267692303
3.08920958917165 0.160984828437263
3.09334967621639 0.163288077743228
3.09750211194891 0.165581816128848
3.10166711977484 0.167865840537585
3.10584492655783 0.170139944208783
3.11003576265784 0.172403916543607
3.1142398619655 0.174657542965642
3.11845746193188 0.176900604775938
3.12268880359314 0.179132879002277
3.12693413158926 0.181354138242437
3.13119369417606 0.183564150501223
3.13546774322979 0.185762679021046
3.13975653424314 0.187949482105803
3.14406032631181 0.19012431293785
3.14837938211033 0.192286919387825
3.15271396785607 0.194437043817117
3.1570643532598 0.196574422872757
3.1614308114616 0.198698787274548
3.16581361895016 0.200809861594232
3.17021305546384 0.202907364026552
3.17462940387152 0.204991006152047
3.17906295003093 0.207060492691504
3.18351398262225 0.209115521251958
3.18798279295435 0.211155782064264
3.19246967474088 0.213180957712228
3.1969749238432 0.215190722853423
3.20149883797685 0.21718474393186
3.20604171637802 0.21916267888277
3.21060385942618 0.221124176829868
3.21518556821879 0.223068877775605
3.21978714409355 0.224996412285029
3.22440888809359 0.226906401164064
3.22905110037038 0.228798455133185
3.23371407951912 0.230672174497703
3.23839812184077 0.232527148816095
3.24310352052476 0.234362956568112
3.24783056474605 0.236179164824694
3.25257953866997 0.237975328922097
3.25735072035802 0.239750992143002
3.26214438056757 0.241505685407837
3.26696078143845 0.24323892698003
3.27180017505927 0.244950222189437
3.27666280190644 0.246639063178795
3.28154888914901 0.24830492867867
3.28645864881308 0.249947283817094
3.29139227579972 0.251565579970795
3.2963499457517 0.25315925466574
3.30133181276484 0.254727731535515
3.30633800694171 0.256270420346933
3.31136863178697 0.257786717103111
3.31642376144582 0.259276004235147
3.3215034377898 0.260737650894312
3.32660766735724 0.262171013357486
3.3317364181594 0.263575435559216
3.33688961636753 0.264950249764321
3.34206714290093 0.266294777395308
3.34726882994156 0.267608330028949
3.35249445740635 0.2688902105762
3.35774374941516 0.270139714658975
3.36301637079871 0.271356132196318
3.36831192369796 0.27253874921088
3.37362994431337 0.273686849864477
3.3789698998692 0.274799718728653
3.38433118586431 0.275876643292658
3.38971312368629 0.276916916706975
3.3951149586699 0.27791984075553
3.40053585868324 0.278884729044056
3.40597491332544 0.279810910385751
3.4114311338174 0.2806977323586
3.41690345366213 0.281544565001643
3.42239073014254 0.282350804610317
3.42789174671329 0.28311587758402
3.43340521632753 0.283839244272706
3.43892978572106 0.284520402763725
3.44446404065516 0.285158892545923
3.45000651209492 0.285754297985324
3.45555568327509 0.286306251545942
3.461109997579 0.286814436690676
3.46666786713096 0.287278590400874
3.47222768197877 0.28769850525915
3.47778781972224 0.288074031048159
3.4833466554275 0.288405075828245
3.48890257165491 0.28869160646855
3.4944539684234 0.288933648619105
3.49999927293417 0.289131286124852
3.50553694888387 0.289284659895997
3.51106550520984 0.289393966261939
3.51658350412814 0.289459454847678
3.52208956834711 0.289481426021662
3.52758238736464 0.289460227972032
3.53306072278457 0.289396253474013
3.53852341261499 0.289289936414614
3.54396937453875 0.289141748141888
3.54939760817103 0.288952193704923
3.554807196342 0.28872180804772
3.56019730546121 0.288451152215479
3.56556718503612 0.288140809625948
3.57091616642856 0.287791382451738
3.57624366094055 0.287403488152234
3.58154915732496 0.286977756186364
3.58683221881714 0.286514824930118
3.5920924797817 0.28601533881586
3.59732964206417 0.285479945704047
3.6025434711311 0.284909294492295
3.60773379207502 0.284304032961781
3.612900485552 0.28366480585682
3.61804348371164 0.282992253190044
3.62316276617001 0.282287008762996
3.62825835606827 0.281549698889948
3.63333031625145 0.280780941311432
3.63837874559452 0.279981344283105
3.64340377549652 0.279151505825223
3.6484055665572 0.278292013117965
3.65338430544605 0.277403442028158
3.65834020196848 0.276486356753437
3.66327348633099 0.275541309570593
3.66818440660347 0.274568840675649
3.67307322637481 0.273569478104053
3.67794022259578 0.272543737720342
3.6827856836018 0.271492123267508
3.68760990730732 0.270415126467222
3.69241319956241 0.269313227162959
3.69719587266229 0.268186893498902
3.70195824399979 0.267036582128279
3.70670063485114 0.265862738445535
3.71142336928542 0.264665796837426
3.71612677318831 0.263446180948701
3.72081117339108 0.26220430395866
3.72547689689629 0.260940568865322
3.730124270192 0.259655368774436
3.73475361864679 0.258349087190953
3.73936526597835 0.257022098310931
3.74395953378903 0.255674767312193
3.74853674116198 0.254307450642295
3.75309720431217 0.252920496302649
3.75764123628697 0.251514244127826
3.7621691467114 0.25008902605927
3.76668124157343 0.248645166412816
3.77117782304547 0.247182982139529
3.77565918933805 0.245702783079508
3.7801256345824 0.244204872208414
3.78457744873878 0.242689545876549
3.78901491752784 0.241157094040388
3.79343832238219 0.239607800486547
3.79784794041623 0.238041943048199
3.8022440444118 0.236459793814007
3.80662690281798 0.234861619329668
3.81099677976328 0.233247680792206
3.81535393507862 0.231618234237158
3.81969862432981 0.22997353071882
3.82403109885823 0.228313816483749
3.82835160582862 0.226639333137702
3.83266038828299 0.224950317806217
3.83695768519975 0.223247003289047
3.84124373155722 0.221529618208651
3.84551875840092 0.219798387152948
3.84978299291384 0.218053530812554
3.85403665848927 0.216295266112698
3.85827997480565 0.214523806340027
3.86251315790295 0.212739361264502
3.86673642026018 0.210942137256571
3.87094997087379 0.209132337399827
3.87515401533652 0.207310161599322
3.8793487559165 0.205475806685723
3.88353439163638 0.203629466515492
3.88771111835221 0.201771332067246
3.89187912883194 0.199901591534466
3.89603861283341 0.198020430414722
3.90018975718167 0.196128031595547
3.90433274584542 0.194224575437116
3.90846776001268 0.192310239851876
3.91259497816539 0.190385200381247
3.91671457615304 0.188449630269531
3.92082672726516 0.186503700535152
3.92493160230268 0.184547580039347
3.92902936964811 0.182581435552413
3.93312019533453 0.180605431817627
3.93720424311329 0.17861973161294
3.94128167452057 0.176624495810543
3.94535264894263 0.174619883434398
3.9494173236798 0.172606051715831
3.95347585400923 0.170583156147266
3.95752839324649 0.168551350534189
3.96157509280578 0.166510787045416
3.96561610225904 0.164461616261745
3.96965156939385 0.162403987223065
3.9736816402701 0.160338047473978
3.97770645927552 0.158263943108024
3.98172616918008 0.15618181881055
3.98574091118926 0.154091817900291
3.98975082499624 0.15199408236973
3.99375604883299 0.149888752924269
3.99775671952036 0.147775969020295
4.00175297251713 0.14565586890216
4.00574494196806 0.143528589638146
4.00973276075102 0.141394267155449
4.01371656052314 0.139253036274235
4.01769647176611 0.137105030740797
4.02167262383054 0.134950383259869
4.02564514497952 0.132789225526126
4.02961416243136 0.130621688254908
4.03357980240149 0.128447901212209
4.03754219014366 0.126267993243958
4.04150144999035 0.124082092304628
4.04545770539254 0.121890325485212
4.04941107895867 0.119692819040577
4.05336169249313 0.117489698416248
4.05730966703394 0.115281088274636
4.06125512288997 0.113067112520734
4.06519817967748 0.110847894327322
4.06913895635618 0.108623556159693
4.07307757126474 0.106394219799925
4.07701414215583 0.104160006370731
4.08094878623059 0.1019210363589
4.08488162017281 0.0996774296383528
4.08881276018254 0.0974293054928413
4.09274232200936 0.0951767826382985
4.0966704209853 0.0929199792448697
4.10059717205737 0.0906590129586389
4.10452268981972 0.0883940009230704
4.1084470885456 0.0861250598001828
4.11237048221893 0.0838523057914737
4.11629298456569 0.081575854658612
4.12021470908498 0.0792958217439138
4.12413576907996 0.0770123219906194
4.12805627768851 0.0747254699629863
4.13197634791377 0.0724353798662139
4.13589609265451 0.0701421655662158
4.13981562473536 0.0678459406092542
4.1437350569369 0.0655468182414511
4.14765450202577 0.0632449114281916
4.15157407278458 0.0609403328734325
4.15549388204181 0.0586331950389318
4.15941404270178 0.0563236101634116
4.16333466777446 0.0540116902816697
4.16725587040541 0.0516975472436532
4.17117776390569 0.0493812927335077
4.17510046178188 0.0470630382886161
4.17902407776614 0.0447428953186408
4.18294872584638 0.0424209751245828
4.18687452029654 0.0400973889178714
4.19080157570703 0.0377722478394988
4.19473000701532 0.035445662979213
4.19865992953671 0.0331177453947827
4.20259145899532 0.0307886061313496
4.20652471155529 0.0284583562408809
4.21045980385223 0.026127106801737
4.21439685302496 0.0237949689383695
4.21833597674753 0.0214620538411633
4.22227729326153 0.0191284727864396
4.2262209214088 0.0167943371566329
4.23016698066443 0.01445975846066
4.23411559117021 0.012124848354496
4.23806687376844 0.00978971866197288
4.24202095003619 0.00745448139581952
4.24597794232003 0.00511924877895886
4.24993797377123 0.00278413326608035
4.25390116838146 0.000449247565506199
4.257867651019 -0.00188529533863006
4.26183754746562 -0.0042193821638732
4.26581098445388 -0.00655289930658417
4.26978808970516 -0.0088857328187055
4.27376899196827 -0.011217768384133
4.27775382105881 -0.0135488912946715
4.28174270789907 -0.0158789864255518
4.28573578455883 -0.0182079382104853
4.28973318429676 -0.020535630616231
4.29373504160274 -0.0228619471166505
4.29774149224085 -0.0251867706662225
4.30175267329331 -0.0275099836729915
4.30576872320528 -0.02983146797092
4.30978978183047 -0.0321511047916145
4.31381599047782 -0.0344687747353954
4.31784749195905 -0.036784357741676
4.32188443063725 -0.039097733058619
4.32592695247652 -0.0414087792120323
4.3299752050926 -0.0437173739734695
4.33402933780472 -0.0460233943274947
4.33808950168848 -0.0483267164380712
4.34215584962994 -0.0506272156140326
4.34622853638092 -0.0529247662735907
4.35030771861552 -0.055219241907834
4.35439355498792 -0.0575105150431687
4.35848620619144 -0.0597984572026503
4.36258583501906 -0.0620829388661522
4.36669260642515 -0.0643638294293161
4.3708066875887 -0.0666409971612241
4.37492824797797 -0.0689143091607313
4.37905745941659 -0.0711836313113937
4.38319449615119 -0.0734488282349234
4.38733953492046 -0.075709763243099
4.39149275502588 -0.0779662982880572
4.39565433840392 -0.0802182939108842
4.3998244696999 -0.0824656091884266
4.40400333634342 -0.0847081016782316
4.40819112862542 -0.0869456273615272
4.41238803977691 -0.0891780405841435
4.41659426604929 -0.0914051939952747
4.42081000679635 -0.0936269384839746
4.42503546455791 -0.0958431231132732
4.42927084514505 -0.0980535950517948
4.43351635772701 -0.100258199502755
4.4377722149196 -0.102456779630206
4.44203863287519 -0.104649176482383
4.44631583137421 -0.106835228912028
4.45060403391801 -0.109014773493511
4.45490346782318 -0.111187644436611
4.45921436431702 -0.113353673496773
4.46353695863425 -0.115512689881668
4.46787149011468 -0.117664520153881
4.47221820230181 -0.119808988129503
4.47657734304204 -0.121945914772452
4.4809491645845 -0.124075118084285
4.48533392368096 -0.126196412989283
4.48973188168586 -0.128309611214567
4.49414330465592 -0.130414521165003
4.4985684634491 -0.13251094779262
4.50300763382247 -0.134598692460282
4.50746109652848 -0.13667755279932
4.51192913740922 -0.138747322560829
4.51641204748795 -0.140807791460312
4.52091012305738 -0.142858745015361
4.52542366576387 -0.144899964376019
4.52995298268666 -0.146931226147496
4.53449838641134 -0.14895230220486
4.5390601950964 -0.150962959499339
4.54363873253171 -0.152962959855854
4.54823432818756 -0.154952059761388
4.55284731725292 -0.156930010143784
4.55747804066113 -0.158896556140589
4.56212684510127 -0.160851436857509
4.56679408301318 -0.162794385116086
4.57148011256379 -0.164725127190181
4.57618529760229 -0.166643382530879
4.58091000759141 -0.168548863479417
4.58565461751157 -0.170441274967782
4.59041950773459 -0.172320314206647
4.59520506386306 -0.174185670360341
4.60001167653133 -0.176037024208608
4.60483974116336 -0.177874047794965
4.60968965768239 -0.179696404061559
4.61456183016689 -0.181503746470489
4.61945666644658 -0.183295718611711
4.62437457763186 -0.18507195379775
4.62931597756933 -0.186832074645636
4.63428128221528 -0.188575692646651
4.63927090891865 -0.190302407724743
4.64428527560392 -0.192011807784708
4.64932479984378 -0.193703468251581
4.65438989781071 -0.195376951603052
4.65948098309569 -0.197031806897155
4.66459846538169 -0.198667569297984
4.66974274895866 -0.200283759602765
4.67491423106616 -0.201879883774285
4.68011330004939 -0.203455432483404
4.68534033331337 -0.205009880667248
4.69059569506049 -0.206542687109609
4.69587973379586 -0.208053294051157
4.70119277958573 -0.209541126838203
4.7065351410544 -0.21100559362009
4.7119071021065 -0.212446085106607
4.71730891836288 -0.213861974398391
4.72274081330074 -0.215252616904801
4.72820297409189 -0.216617350365428
4.73369554713687 -0.217955494993081
4.73921863329787 -0.219266353757732
4.74477228283962 -0.220549212832546
4.7503564900951 -0.221803342224538
4.7559711878819 -0.223027996613647
4.76161624170548 -0.224222416424898
4.7672914437977 -0.225385829158723
4.77299650705218 -0.226517451004316
4.77873105893309 -0.227616488759907
4.78449463544921 -0.228682142081905
4.79028667530197 -0.22971360608179
4.79610651433213 -0.230710074285301
4.80195338040583 -0.231670741962663
4.80782638889494 -0.232594809831289
4.8137245389181 -0.233481488123496
4.81964671051717 -0.23433000100134
4.82559166294622 -0.235139591288863
4.83155803424737 -0.235909525479109
4.83754434227692 -0.236639098959586
4.84354898732603 -0.237327641386056
4.84957025645284 -0.23797452212118
4.85560632960582 -0.238579155642509
4.86165528757312 -0.239141006814382
4.86771512174048 -0.239659595911347
4.87378374558245 -0.240134503277518
4.87985900775167 -0.240565373507482
4.88593870657076 -0.240951919040392
4.89202060567555 -0.241293923069804
4.8981024505096 -0.241591241687523
4.90418198533151 -0.241843805199575
4.91025697037215 -0.24205161857555
4.9163251987685 -0.242214761017881
4.92238451290748 -0.242333384663656
4.92843281983484 -0.242407712457068
4.93446810542035 -0.242438035254036
4.94048844701873 -0.242424708240832
4.9464920244228 -0.242368146764709
4.95247712896755 -0.242268821685901
4.9584421707079 -0.242127254366775
4.96438568365489 -0.241944011415315
4.97030632911237 -0.241719699297062
4.97620289720627 -0.241454958922547
4.98207430673947 -0.241150460307137
4.98791960353669 -0.240806897387786
4.99373795746507 -0.240424983067402
4.99952865832809 -0.240005444543224
5.00529111083351 -0.239549018961442
5.01102482883228 -0.239056449426893
5.016729429015 -0.238528481384472
5.02240462423857 -0.237965859378132
5.02805021663777 -0.237369324184293
5.03366609065779 -0.236739610309031
5.03925220612343 -0.236077443832641
5.04480859144159 -0.235383540580913
5.05033533701432 -0.234658604599511
5.0558325889231 -0.233903326906152
5.06130054292882 -0.233118384494497
5.06673943881854 -0.232304439563721
5.07214955511823 -0.231462138948399
5.07753120418064 -0.230592113724458
5.08288472764937 -0.229694978968409
5.08821049229379 -0.228771333648728
5.09350888620413 -0.227821760630027
5.09878031533235 -0.22684682677249
5.10402520036174 -0.225847083110808
5.10924397388632 -0.224823065098635
5.11443707787992 -0.22377529290618
5.11960496143454 -0.222704271760123
5.12474807874753 -0.221610492316433
5.12986688733748 -0.220494431057965
5.13496184646945 -0.219356550709865
5.14003341577091 -0.218197300666863
5.1450820540209 -0.217017117427422
5.15010821809598 -0.215816425030574
5.15511236205742 -0.214595635491936
5.16009493636567 -0.213355149236036
5.16505638720873 -0.212095355522631
5.16999715593263 -0.210816632865139
5.17491767856285 -0.209519349439696
5.17981838540682 -0.208203863483729
5.18469970072824 -0.206870523683169
5.18956204248524 -0.205519669547702
5.19440582212475 -0.204151631773657
5.1992314444265 -0.202766732594283
5.20403930739068 -0.201365286117324
5.20882980216375 -0.199947598649902
5.21360331299779 -0.198513969010825
5.21836021723877 -0.197064688830498
5.22310088534029 -0.19560004283868
5.22782568089899 -0.194120309140392
5.23253496070888 -0.192625759480283
5.23722907483165 -0.191116659495823
5.24190836668079 -0.189593268959683
5.24657317311714 -0.18805584201169
5.25122382455429 -0.186504627380748
5.25586064507188 -0.184939868597117
5.26048395253554 -0.183361804195432
5.26509405872212 -0.181770667908865
5.26969126944905 -0.180166688854792
5.27427588470689 -0.178550091712355
5.27884819879421 -0.176921096892267
5.28340850045399 -0.175279920699217
5.28795707301094 -0.173626775487221
5.2924941945092 -0.171961869808239
5.29702013784977 -0.170285408554378
5.30153517092751 -0.168597593093987
5.30603955676709 -0.166898621401932
5.31053355365777 -0.165188688184336
5.31501741528663 -0.163467984998041
5.31949139087013 -0.16173670036506
5.32395572528376 -0.159995019882254
5.32841065918962 -0.158243126326472
5.33285642916186 -0.156481199755368
5.3372932678099 -0.154709417604117
5.34172140389925 -0.152927954778222
5.34614106247004 -0.151136983742606
5.35055246495307 -0.149336674607179
5.35495582928343 -0.147527195209031
5.35935137001178 -0.14570871119145
5.36373929841305 -0.143881386079885
5.36811982259282 -0.142045381355029
5.37249314759129 -0.140200856523151
5.37685947548481 -0.138347969183817
5.38121900548519 -0.136486875095124
5.38557193403656 -0.134617728236566
5.38991845491016 -0.132740680869658
5.39425875929674 -0.130855883596416
5.39859303589697 -0.128963485415804
5.40292147100959 -0.127063633778245
5.40724424861767 -0.125156474638288
5.41156155047272 -0.123242152505532
5.41587355617702 -0.12132081049387
5.42018044326393 -0.119392590369164
5.42448238727651 -0.117457632595399
5.42877956184428 -0.115516076379411
5.43307213875831 -0.113568059714251
5.43736028804471 -0.111613719421251
5.44164417803648 -0.109653191190857
5.44592397544387 -0.107686609622294
5.45019984542322 -0.105714108262114
5.45447195164449 -0.103735819641686
5.45874045635732 -0.101751875313688
5.46300552045584 -0.0997624058876366
5.46726730354229 -0.0977675410645167
5.47152596398935 -0.095767409670551
5.47578165900138 -0.0937621396901554
5.48003454467462 -0.0917518582981232
5.48428477605626 -0.0897366918910786
5.48853250720263 -0.0877167661182394
5.49277789123639 -0.0856922059115262
5.49702108040285 -0.0836631355150548
5.50126222612548 -0.0816296785140469
5.50550147906064 -0.0795919578631925
5.5097389891515 -0.0775500959144967
5.51397490568139 -0.0755042144446427
5.51820937732638 -0.0734544346819007
5.52244255220733 -0.0714008773326134
5.52667457794141 -0.0693436626072846
5.53090560169298 -0.067282910246301
5.53513577022419 -0.065218739545312
5.53936522994497 -0.0631512693802957
5.54359412696276 -0.0610806182323347
5.54782260713185 -0.0590069042121279
5.55205081610242 -0.0569302450842629
5.55627889936934 -0.0548507582912719
5.56050700232075 -0.0527685609774952
5.56473527028643 -0.0506837700127751
5.56896384858609 -0.0485965020160039
5.57319288257754 -0.0465068733785466
5.57742251770477 -0.0444150002875626
5.58165289954608 -0.0423209987492461
5.58588417386219 -0.0402249846120095
5.59011648664443 -0.0381270735896295
5.59434998416306 -0.0360273812843782
5.59858481301569 -0.0339260232101612
5.60282112017592 -0.0318231148156845
5.6070590530422 -0.0297187715076698
5.61129875948698 -0.0276131086741436
5.61554038790611 -0.0255062417078187
5.61978408726871 -0.0233982860295922
5.62403000716726 -0.0212893571121813
5.62827829786833 -0.0191795705039214
5.6325291103636 -0.0170690418527465
5.63678259642156 -0.0149578869303789
5.64103890863965 -0.0128462216567489
5.64529820049713 -0.0107341621246712
5.6495606264085 -0.0086218246248018
5.65382634177769 -0.00650932567090094
5.65809550305298 -0.00439678202542903
5.66236826778274 -0.00228431072550159
5.66664479467196 -0.000172029109231588
5.67092524363974 0.00193994515751255
5.67520977587767 0.00405149405390363
5.67949855390926 0.00616249917647664
5.68379174165036 0.00827284171094238
5.68808950447074 0.010382402403461
5.69239200925678 0.0124910615313418
5.69669942447538 0.0145986988731331
5.70101192023918 0.0167051936780674
5.705329668373 0.0188104246348211
5.7096528424818 0.0209142698395514
5.71398161801997 0.0230166067631672
5.71831617236219 0.025117312217792
5.72265668487581 0.0272162623223723
5.72700333699489 0.029313332467385
5.73135631229593 0.0314083972785945
5.73571579657532 0.0335013305798067
5.74008197792869 0.0355920053545662
5.74445504683208 0.0376802937067398
5.74883519622512 0.0397660668199263
5.75322262159621 0.0418491949156293
5.75761752106981 0.0439295472101284
5.76202009549591 0.0460069918699776
5.76643054854178 0.0480813959660592
5.77084908678593 0.0501526254261166
5.77527591981459 0.0522205449856836
5.77971126032057 0.0542850181373266
5.78415532420466 0.0563459070781098
5.78860833067967 0.0584030726551874
5.79307050237711 0.060456374309425
5.79754206545663 0.0625056700169426
5.80202324971828 0.0645508162284707
5.80651428871762 0.0665916678063994
5.81101541988377 0.068628077959399
5.81552688464051 0.0706598981744788
5.82004892853032 0.0726869781463482
5.8245818013416 0.0747091657039314
5.82912575723902 0.0767263067338828
5.83368105489698 0.0787382451009383
5.83824795763628 0.0807448225649303
5.84282673356405 0.0827458786942836
5.84741765571678 0.0847412507757967
5.85202100220663 0.0867307737205063
5.85663705637079 0.0887142799654166
5.86126610692402 0.0906915993708636
5.86590844811422 0.092662559113273
5.87056437988081 0.0946269835730546
5.87523420801604 0.0965846942173602
5.87991824432885 0.0985355094774198
5.88461680681114 0.10047924462015
5.8893302198063 0.102415711613716
5.89405881417952 0.104344718986704
5.8988029274897 0.10626607168055
5.90356290416246 0.108179570894843
5.90833909566371 0.110085013925103
5.91313186067342 0.11198219399262
5.9179415652586 0.113870900065892
5.92276858304502 0.115750916673226
5.92761329538666 0.117622023705976
5.93247609153184 0.119483996211935
5.93735736878488 0.121336604178319
5.94225753266209 0.123179612303791
5.94717699704031 0.125012779758934
5.95211618429652 0.126835859934564
5.95707552543636 0.128648600177233
5.96205546020938 0.130450741511289
5.96705643720855 0.132242018346792
5.97207891395101 0.134022158172611
5.97712335693691 0.135790881233983
5.98219024168261 0.137547900193825
5.98728005272414 0.139292919777081
5.9923932835862 0.141025636397394
5.99753043671154 0.142745737765404
6.00269202334469 0.144452902478006
6.00787856336361 0.146146799587939
6.0130905850517 0.147827088153142
6.01832862480207 0.149493416765383
6.02359322674464 0.15114542305779
6.02888494228602 0.152782733191028
6.03420432955057 0.154404961318058
6.0395519527101 0.15601170902762
6.04492838118806 0.157602564766846
6.05033418872292 0.159177103243741
6.05576995227355 0.160734884810667
6.06123625074804 0.162275454830413
6.06673366353563 0.163798343027052
6.07226276881945 0.165303062824404
6.07782414164629 0.166789110675762
6.08341835172762 0.168255965389443
6.08904596094422 0.169703087455844
6.09470752052568 0.171129918382916
6.10040356787401 0.172535880048435
6.10613462300001 0.173920374079122
6.11190118454033 0.175282781268532
6.11770372532313 0.176622461047751
6.12354268745112 0.177938751025312
6.12941847687291 0.179230966615325
6.13533145741659 0.180498400775645
6.14128194426459 0.181740323880907
6.14727019685574 0.182955983758432
6.1532964112097 0.184144605918228
6.15936071168097 0.185305394011509
6.16546314216497 0.186437530555187
6.17160365679683 0.18754017796245
6.1777821102065 0.188612479921592
6.1839982474191 0.18965356316651
6.19025169352008 0.19066253968222
6.19654194323744 0.191638509387236
6.20286835062992 0.192580563331081
6.20923011910749 0.193487787439288
6.2156262920489 0.194359266829575
6.22205574431683 0.195194090711082
6.22851717500313 0.195991357863487
6.23500910176044 0.196750182674402
6.24152985708981 0.197469701691909
6.24807758695241 0.198149080624886
6.25465025205389 0.198787521697855
6.26124563211031 0.199384271240473
6.2678613333417 0.199938627366239
6.2744947993543 0.200449947572163
6.28114332546614 0.200917656073114
6.28780407640677 0.201341250673284
6.29447410718636 0.201720308974394
6.30115038679069 0.202054493727243
6.30782982422422 0.202343557150654
6.31450929630552 0.202587344069458
6.32118567652487 0.202785793760033
6.32785586421308 0.202938940435896
6.33451681324692 0.203046912354434
6.34116555953368 0.203109929575812
6.34779924657411 0.203128300453181
6.35441514849398 0.203102416976328
6.36101069005381 0.203032749126359
6.36758346328325 0.202919838424886
6.37413124053272 0.202764290876643
6.38065198387842 0.202566769509299
6.38714385095048 0.202327986709252
6.39360519736993 0.202048696538847
6.40003457607368 0.201729687200472
6.40643073387596 0.20137177378851
6.41279260565858 0.200975791443188
6.41911930660306 0.200542588992772
6.42541012287837 0.200073023143929
6.43166450118086 0.199567953255611
6.43788203749428 0.199028236710281
6.44406246539935 0.19845472487819
6.45020564421933 0.197848259655886
6.45631154724264 0.197209670549087
6.46238025021916 0.196539772262174
6.46841192028411 0.195839362751577
6.47440680542497 0.195109221697672
6.48036522457255 0.194350109349172
6.48628755836781 0.193562765694785
6.49217424063129 0.192747909918898
6.49802575054199 0.191906240100788
6.5038426055166 0.191038433120035
6.50962535476784 0.190145144734343
6.51537457351171 0.189227009799515
6.52109085778748 0.188284642604805
6.52677481985025 0.187318637300254
6.53242708409376 0.186329568395724
6.53804828346083 0.18531799131423
6.54363905629895 0.184284442984767
6.54920004362001 0.183229442462172
6.55473188672507 0.182153491563596
6.56023522515715 0.181057075512981
6.56571069494762 0.179940663586504
6.57115892712436 0.178804709753276
6.57658054645247 0.177649653306757
6.58197617038077 0.176475919483329
6.58734640816991 0.175283920065262
6.59269186018037 0.174074053966059
6.59801311730043 0.172846707796668
6.60331076049676 0.171602256411598
6.60858536047176 0.170341063434305
6.61383747741368 0.169063481761588
6.61906766082711 0.167769854046925
6.62427644943279 0.166460513162964
6.629464371127 0.165135782643464
6.63463194299204 0.163795977105159
6.6397796713501 0.162441402650104
6.64490805185397 0.161072357249098
6.65001756960872 0.159689131106877
6.65510869931937 0.158292007009757
6.66018190545989 0.156881260656459
6.66523764245987 0.155457160972837
6.67027635490533 0.15401997041122
6.6752984777508 0.152569945235112
6.68030443654014 0.151107335789924
6.6852946476339 0.149632386760432
6.69026951844126 0.14814533741564
6.69522944765503 0.146646421841658
6.70017482548831 0.145135869163246
6.7051060339115 0.143613903754588
6.71002344688879 0.142080745439881
6.71492743061327 0.140536609684269
6.71981834373984 0.138981707775645
6.72469653761545 0.137416246997799
6.72956235650612 0.135840430795394
6.73441613782034 0.134254458931198
6.73925821232853 0.132658527635996
6.7440889043784 0.131052829751583
6.74890853210582 0.129437554867207
6.75371740764125 0.127812889449815
6.75851583731157 0.126179016968455
6.76330412183723 0.124536118013124
6.7680825565246 0.122884370408391
6.77285143145383 0.121223949322055
6.77761103166182 0.119555027369126
6.78236163732068 0.11787777471136
6.7871035239116 0.11619235915261
6.7918369623942 0.114498946230202
6.79656221937144 0.112797699302554
6.80127955725031 0.111088779633246
6.80598923439815 0.109372346471722
6.81069150529502 0.107648557130807
6.81538662068192 0.105917567061213
6.8200748277053 0.104179529923192
6.82475637005763 0.102434597655485
6.82943148811447 0.100682920541714
6.83410041906793 0.0989246472743621
6.83876339705684 0.0971599250164476
6.84342065329351 0.0953888994610418
6.84807241618747 0.0936117148887261
6.85271891146611 0.0918285142231083
6.85736036229243 0.0900394390844999
6.86199698938 0.0882446298418521
6.86662901110527 0.0864442256630471
6.8712566436173 0.0846383645636318
6.87588010094502 0.0828271834540806
6.88049959510228 0.081010818185667
6.8851153361905 0.0791894035950222
6.88972753249938 0.0773630735474538
6.89433639060549 0.075531960979094
6.89894211546903 0.0736961979379461
6.90354491052871 0.0718559156238916
6.90814497779503 0.0700112444277201
6.91274251794189 0.0681623139692411
6.9173377303967 0.0663092531345325
6.92193081342912 0.0644521901123826
6.92652196423842 0.0625912524299744
6.93111137903969 0.0607265669878651
6.93569925314884 0.0588582600943075
6.94028578106658 0.0569864574989605
6.94487115656149 0.0551112844260339
6.94945557275211 0.0532328656069106
6.95403922218833 0.0513513253122897
6.95862229693201 0.0494667873838909
6.96320498863704 0.0475793752657601
6.96778748862879 0.0456892120352168
6.97236998798313 0.0437964204334799
6.97695267760506 0.0419011228960106
6.98153574830706 0.040003441582609
6.98611939088718 0.0381034984073005
6.990703796207 0.0362014150680477
6.99528915526952 0.034297313076324
6.9998756592971 0.0323913137865832
7.00446349980942 0.0304835384256594
7.00905286870165 0.0285741081221338
7.01364395832292 0.0266631439357013
7.018236961555 0.0247507668865722
7.02283207189146 0.0228370979849436
7.02742948351736 0.0209222582605761
7.03202939138939 0.0190063687925101
7.0366319913168 0.0170895507389584
7.04123748004289 0.0151719253674097
7.04584605532753 0.0132536140849819
7.05045791603038 0.0113347384690599
7.05507326219519 0.00941542029825827
7.05969229513521 0.00749578158374628
7.06431521751967 0.00557594460097545
7.06894223346158 0.00365603192185084
7.07357354860682 0.00173616644738792
7.07820937022472 -0.000183528559101597
7.08284990730016 -0.00210292943825025
7.08749537062725 -0.00402191210025518
7.09214597290479 -0.00594035198983053
7.09680192883355 -0.00785812405044211
7.1014634552155 -0.00977510268777254
7.106130771055 -0.0116911617323631
7.11080409766227 -0.0136061744013762
7.11548365875899 -0.0155200132594198
7.12016968058637 -0.0174325501783733
7.12486239201568 -0.0193436562961494
7.12956202466137 -0.0212532019743268
7.13426881299694 -0.023161056754582
7.13898299447367 -0.0250670893138473
7.14370480964237 -0.0269711674181177
7.14843450227816 -0.0288731578748238
7.1531723195086 -0.0307729264836869
7.15791851194515 -0.0326703379859654
7.16267333381817 -0.0345652560119958
7.16743704311558 -0.0364575430269307
7.17220990172539 -0.0383470602745654
7.17699217558209 -0.0402336677191421
7.18178413481723 -0.0421172239850133
7.18658605391427 -0.0439975862940396
7.19139821186775 -0.0458746104005878
7.19622089234709 -0.0477481505239912
7.20105438386514 -0.0496180592783213
7.20589897995149 -0.0514841875993147
7.21075497933089 -0.0533463846682872
7.21562268610679 -0.0552044978328575
7.2205024099502 -0.0570583725242935
7.22539446629402 -0.0589078521712789
7.2302991765329 -0.0607527781098896
7.23521686822887 -0.0625929894895528
7.24014787532275 -0.0644283231747495
7.24509253835149 -0.0662586136422036
7.25005120467155 -0.068083692873288
7.25502422868833 -0.0699033902413566
7.26001197209177 -0.0717175323936959
7.26501480409804 -0.0735259431277684
7.27003310169742 -0.0753284432613991
7.27506724990827 -0.0771248504965349
7.28011764203695 -0.0789149792761799
7.2851846799437 -0.0806986406340893
7.29026877431409 -0.0824756420367715
7.29537034493594 -0.0842457872173235
7.30048982098125 -0.0860088760005923
7.30562764129283 -0.0877647041191235
7.31078425467491 -0.0895130630193236
7.3159601201873 -0.0912537396572266
7.3211557074421 -0.0929865162832182
7.32637149690216 -0.0947111702150304
7.33160798018002 -0.0964274735982789
7.33686566033611 -0.0981351931537712
7.34214505217457 -0.0998340899107696
7.34744668253481 -0.101523918925348
7.35277109057668 -0.103204428982932
7.35811882805677 -0.104875362284067
7.36349045959275 -0.106536454112412
7.36888656291266 -0.108187432483903
7.37430772908484 -0.109828017775997
7.37975456272438 -0.111457922335855
7.38522768217064 -0.113076850066285
7.39072771963001 -0.114684495988239
7.39625532127704 -0.116280545778634
7.40181114730611 -0.117864675282236
7.40739587192483 -0.119436549996379
7.41301018327889 -0.120995824527277
7.41865478329678 -0.122542142016745
7.42433038744133 -0.124075133538214
7.43003772435307 -0.125594417461021
7.43577753536851 -0.12709959878211
7.44155057389422 -0.128590268424491
7.44735760461535 -0.130066002502045
7.45319940251415 -0.131526361550629
7.45907675167156 -0.132970889725883
7.46499044382132 -0.134399113968661
7.47094127662306 -0.13581054313974
7.47693005161655 -0.137204667126266
7.48295757181592 -0.13858095592348
7.48902463889821 -0.139938858696481
7.49513204993649 -0.141277802828314
7.50128059362388 -0.142597192962489
7.50747104593025 -0.143896410050147
7.5137041651304 -0.145174810414629
7.51998068613884 -0.146431724849115
7.52630131408474 -0.147666457766413
7.53266671705948 -0.148878286423831
7.5390775179707 -0.150066460250451
7.54553428544026 -0.151230200309037
7.55203752369069 -0.152368698930142
7.55858766137541 -0.153481119561809
7.56518503932467 -0.15456659688431
7.57182989720105 -0.1556242372456
7.57852235908813 -0.1566531194792
7.58526241807357 -0.157652296171765
7.59204991993473 -0.158620795452158
7.59888454609168 -0.159557623376749
7.60576579605839 -0.160461766986322
7.6126929696987 -0.161332198107367
7.61966514967607 -0.162167877963855
7.62668118457362 -0.162967762653862
7.63373967324817 -0.163730809527648
7.64083895106343 -0.164455984479428
7.64797707871521 -0.165142270133568
7.65515183440643 -0.165788674867561
7.66236071014256 -0.166394242569637
7.66960091288824 -0.166958062979864
7.6768693712455 -0.16747928241283
7.68416274817748 -0.167957114610748
7.69147746010713 -0.1683908514325
7.69880970247306 -0.168779873051275
7.70615548153529 -0.169123657315584
7.71351065190901 -0.169421787929496
7.72087095898944 -0.169673961130376
7.72823208513983 -0.169879990586849
7.73558969827628 -0.170039810304651
7.74293950132047 -0.170153475409438
7.75027728092157 -0.17022116076775
7.7575989538803 -0.170243157502898
7.76490060983842 -0.170219867553913
7.77217854901359 -0.170151796505678
7.77942931404151 -0.170039544981181
7.78664971530797 -0.16988379892868
7.79383684948568 -0.169685319155984
7.80098811130698 -0.16944493046183
7.80810119888317 -0.169163510693151
7.81517411310803 -0.168841980020911
7.82220515184946 -0.168481290680856
7.82919289973682 -0.168082417373725
7.83613621439711 -0.167646348466601
7.84303420998834 -0.1671740780866
7.84988623883297 -0.166666599152747
7.85669187188074 -0.166124897353198
7.86345087863739 -0.165549946043778
7.87016320709474 -0.16494270202011
7.87682896409494 -0.164304102098994
7.88344839646371 -0.163635060434266
7.8900218731582 -0.162936466487162
7.89654986859628 -0.162209183570171
7.90303294726758 -0.161454047885441
7.90947174967203 -0.160671867983157
7.91586697958831 -0.159863424571061
7.9222193926415 -0.159029470612917
7.92852978611511 -0.158170731660658
7.93479898993619 -0.157287906371856
7.94102785875167 -0.156381667170777
7.9472172650084 -0.155452661017453
7.95336809294813 -0.154501510254815
7.95948123342903 -0.153528813508952
7.96555757948924 -0.152535146621961
7.9715980225718 -0.151521063600733
7.97760344933619 -0.15048709756826
7.98357473898717 -0.149433761706902
7.98951276105795 -0.148361550185372
7.99541837359045 -0.147270939063187
8.00129242166132 -0.146162387167943
8.00713573620778 -0.14503633694213
8.01294913311258 -0.14389321525725
8.01873341251176 -0.142733434193916
8.0244893582936 -0.141557391787271
8.03021773776073 -0.140365472737641
8.03591930143092 -0.13915804908674
8.04159478295517 -0.137935480860083
8.04724489913465 -0.136698116676511
8.05287035002027 -0.135446294325894
8.05847181908088 -0.13418034131621
8.06404997342815 -0.132900575391284
8.06960546408759 -0.131607305020502
8.07513892630692 -0.130300829861843
8.08065097989399 -0.128981441199578
8.0861422295778 -0.127649422357942
8.09161326538691 -0.126305049092089
8.09706466304059 -0.124948589957571
8.10249698434866 -0.123580306659559
8.10791077761651 -0.122200454382957
8.11330657805257 -0.120809282104524
8.11868490817582 -0.119407032888057
8.12404627822123 -0.117993944163635
8.12939118654164 -0.116570247991875
8.13472012000467 -0.115136171314097
8.14003355438351 -0.11369193618924
8.14533195474092 -0.112237760018334
8.15061577580547 -0.110773855757274
8.15588546233975 -0.109300432118599
8.1611414495001 -0.107817693762951
8.16638416318748 -0.106325841480825
8.17161402038947 -0.104825072365196
8.17683142951317 -0.103315579975589
8.18203679070915 -0.101797554494079
8.18723049618623 -0.100271182873725
8.19241293051751 -0.098736648979892
8.19758447093747 -0.0971941337248652
8.20274548763047 -0.0956438151961804
8.20789634401079 -0.0940858687790276
8.21303739699444 -0.0925204672730852
8.2181689972629 -0.0909477810041128
8.22329148951909 -0.0893679779306124
8.22840521273576 -0.0877812237458473
8.23351050039665 -0.0861876819754915
8.23860768073051 -0.0845875140711674
8.2436970769384 -0.0829808795001101
8.24877900741443 -0.0813679358311882
8.25385378596027 -0.0797488388174911
8.25892172199356 -0.0781237424756869
8.26398312075066 -0.0764927991623378
8.26903828348385 -0.0748561596473526
8.27408750765324 -0.0732139731847457
8.2791310871137 -0.0715663875808593
8.28416931229699 -0.0699135492602017
8.28920247038939 -0.0682556033290421
8.2942308455049 -0.066592693636898
8.29925471885452 -0.0649249628360412
8.30427436891146 -0.0632525524391449
8.30929007157288 -0.0615756028751864
8.31430210031802 -0.0598942535437137
8.31931072636321 -0.0582086428675816
8.32431621881374 -0.0565189083442549
8.32931884481295 -0.0548251865957749
8.33431886968864 -0.0531276134174773
8.33931655709697 -0.0514263238255509
8.34431216916413 -0.0497214521035169
8.3493059666259 -0.0480131318477115
8.35429820896522 -0.0463014960118457
8.35928915454809 -0.044586676950718
8.36427906075779 -0.0428688064631504
8.36926818412776 -0.0411480158342171
8.3742567804732 -0.0394244358768323
8.37924510502154 -0.0376981969727629
8.38423341254205 -0.0359694291131285
8.38922195747461 -0.0342382619384517
8.39421099405796 -0.0325048247783188
8.39920077645738 -0.0307692466907093
8.40419155889217 -0.0290316565010554
8.40918359576292 -0.0272921828410871
8.41417714177888 -0.0255509541875203
8.41917245208535 -0.0238080989006467
8.4241697823916 -0.0220637452628798
8.42916938909904 -0.0203180215173152
8.43417152943025 -0.0185710559063605
8.43917646155862 -0.0168229767104938
8.44418444473904 -0.0150739122872059
8.44919573943973 -0.0133239911101853
8.45421060747525 -0.0115733418088053
8.45922931214105 -0.00982209320797192
8.46425211834953 -0.00807037436839417
8.46927929276801 -0.00631831462733859
8.4743111039585 -0.0045660436399322
8.47934782251975 -0.00281369142107912
8.48438972123144 -0.00106138838805839
8.48943707520106 0.000690734596127318
8.49449016201327 0.00244254617858002
8.49954926188227 0.00419391447143715
8.50461465780716 0.00594470700582701
8.50968663573063 0.00769479068476814
8.51476548470106 0.0094440317349285
8.51985149703834 0.0111922956571562
8.52494496850359 0.0129394471756898
8.53004619847303 0.014685350185952
8.53515549011616 0.0164298677008245
8.54027315057859 0.0181728617952982
8.54539949116962 0.0199141935493869
8.55053482755504 0.0216537229891853
8.55567947995513 0.0233913090259476
8.56083377334839 0.0251268093930542
8.565998037681 0.0268600805807279
8.57117260808261 0.028590977768352
8.57635782508842 0.0303193547542327
8.58155403486805 0.0320450638826428
8.5867615894614 0.0337679559679682
8.59198084702189 0.0354878802157708
8.59721217206726 0.037204684140571
8.60245593573836 0.0389182134801349
8.6077125160662 0.0406283121060445
8.6129822982475 0.0423348219303087
8.61826567492928 0.0440375828077596
8.62356304650252 0.0457364324339625
8.62887482140543 0.0474312062383462
8.63420141643655 0.0491217372722444
8.63954325707799 0.0508078560915144
8.64490077782911 0.0524893906333782
8.65027442255091 0.0541661660871057
8.65566464482141 0.055838004758133
8.66107190830223 0.0575047259251815
8.66649668711659 0.0591661456899094
8.6719394662388 0.0608220768185986
8.6774007418956 0.0624723285753414
8.68288102197902 0.0641167065461529
8.68838082647114 0.0657550124533964
8.69390068788034 0.0673870439598634
8.69944115168901 0.069012594461802
8.70500277681234 0.0706314528701391
8.71058613606773 0.0722434033790864
8.71619181665412 0.0738482252212619
8.72182042064054 0.0754456924083996
8.72747256546273 0.0770355734566524
8.73314888442643 0.0786176310954252
8.73885002721583 0.0801916219586018
8.74457666040507 0.081757296256953
8.75032946797033 0.0833143974304295
8.75610915179955 0.084862661778965
8.76191643219634 0.0864018180703196
8.76775204837369 0.0879315871234125
8.77361675893269 0.0894516813654949
8.77951134232014 0.0909618043614277
8.78543659725834 0.0924616503132364
8.79139334313874 0.0939509035280284
8.7973824203699 0.0954292378522819
8.80340469066884 0.0968963160704383
8.80946103728247 0.0983517892656814
8.8155523651243 0.0997952961407424
8.82167960080879 0.101226462296565
8.82784369256304 0.10264489946669
8.83404560999252 0.104050204705279
8.84028634367371 0.105441959526847
8.84656690454273 0.106819728995962
8.85288832304414 0.108183060765462
8.85925164799932 0.109531484062198
8.86565794514761 0.110864508619811
8.87210829530744 0.112181623558868
8.87860379209718 0.11348229621559
8.88514553914792 0.11476597092168
8.89173464673185 0.116032067739297
8.89837222772111 0.117279981157193
8.90505939278211 0.118509078756436
8.91179724470123 0.119718699857094
8.91858687172754 0.120908154160875
8.92542933980961 0.122076720409032
8.93232568359491 0.12322364508001
8.93927689605454 0.124348141157406
8.94628391659251 0.125449387005901
8.95334761750016 0.126526525400999
8.96046878862308 0.127578662767663
8.96764812012318 0.128604868693165
8.97488618324399 0.129604175790691
8.98218340902572 0.13057558000191
8.98954006497174 0.131518041438622
8.99695622974149 0.132430485874912
9.00443176604107 0.133311807010992
9.01196629200226 0.13416086963694
9.01955915148553 0.134976513827105
9.02720938391118 0.135757560292248
9.03491569441084 0.136502817004296
9.04267642529205 0.137211087185708
9.05048953000837 0.137881178719738
9.05835255101005 0.138511914987883
9.06626260299221 0.139102147075733
9.07421636313376 0.139650767209313
9.08221006990284 0.140156723193489
9.09023953186708 0.140619033527281
9.09830014767172 0.141036802775404
9.10638693792743 0.141409236690584
9.1144945891928 0.141735656517932
9.12261750957305 0.142015511881386
9.13074989473681 0.142248391661796
9.13888580244206 0.142434032331667
9.1470192330353 0.142572323312783
9.15514421291754 0.142663309064209
9.16325487771402 0.142707187777781
9.17134555187666 0.142704306740621
9.17941082169144 0.14265515460163
9.18744559912915 0.142560350934298
9.19544517461235 0.142420633607788
9.20340525750193 0.142236844553269
9.21132200385683 0.142009914540228
9.21919203171918 0.141740847560676
9.2270124247703 0.141430705365277
9.23478072565421 0.141080592614588
9.24249492056186 0.140691643011983
9.25015341681526 0.140265006683034
9.25775501520495 0.139801838967997
9.26529887874335 0.139303290706032
9.27278449933117 0.138770500015998
9.28021166362325 0.138204585520719
9.28758041914932 0.137606640919545
9.29489104151474 0.13697773078652
9.30214400329036 0.136318887456287
9.30933994500917 0.135631108854786
9.31647964852408 0.134915357134122
9.32356401284855 0.134172557978761
9.33059403249748 0.133403600461239
9.33757077826793 0.132609337338589
9.34449538034379 0.131790585694255
9.35136901357205 0.130948127843774
9.35819288473678 0.13008271243519
9.36496822164713 0.129195055686845
9.37169626385456 0.12828584271554
9.37837825481943 0.127355728917171
9.3850154353566 0.126405341369699
9.39160903820143 0.125435280234942
9.39816028355096 0.124446120141129
9.40467037544888 0.123438411532737
9.4111404988966 0.122412681977787
9.41757181758614 0.121369437425774
9.42396547216263 0.120309163411778
9.43032257893593 0.11923232620415
9.43664422897127 0.118139373894655
9.44293148749779 0.117030737431019
9.44918539358282 0.115906831592724
9.45540696002645 0.114768055911437
9.4615971734378 0.113614795537971
9.46775699445999 0.11244742205792
9.47388735811563 0.11126629425832
9.47998917424884 0.110071758847816
9.48606332804382 0.108864151132802
9.49211068060268 0.107643795652063
9.49813206956837 0.106411006772333
9.50412830978057 0.105166089247176
9.5101001939546 0.103909338741464
9.51604849337498 0.102641042323658
9.52197395859672 0.101361478927958
9.52787732014876 0.100070919788318
9.53375928923482 0.098769628846168
9.53962055842801 0.0974578631336096
9.54546180235615 0.0961358731337158
9.55128367837536 0.0948039031194831
9.55708682723031 0.0934621914728677
9.5628718736993 0.0921109709852514
9.56863942722362 0.0907504691405881
9.57439008252008 0.0893809083823973
9.58012442017642 0.0880025063656928
9.58584300722934 0.0866154761948561
9.59154639772497 0.0852200266483964
9.59723513326199 0.083816362391474
9.60290974351736 0.0824046841770001
9.60857074675525 0.0809851890360715
9.61421865031916 0.0795580704584462
9.61985395110789 0.0781235185637159
9.62547713603576 0.0766817202637858
9.63108868247747 0.0752328594172312
9.63668905869825 0.0737771169760624
9.64227872426975 0.0723146711253889
9.64785813047217 0.0708456974164467
9.65342772068336 0.0693703688934173
9.65898793075516 0.0678888562144395
9.66453918937787 0.0664013277671896
9.67008191843303 0.0649079497793804
9.67561653333534 0.0634088864245071
9.68114344336413 0.0619042999231463
9.6866630519848 0.0603943506400983
9.692175757161 0.0588791971776397
9.69768195165774 0.0573589964651422
9.70318202333615 0.0558339038452948
9.70867635544022 0.0543040731571543
9.71416532687609 0.052769656816235
9.71964931248422 0.0512308058918369
9.72512868330495 0.0496876701818011
9.73060380683792 0.0481403982848706
9.73607504729558 0.046589137670824
9.74154276585144 0.0450340347485446
9.74700732088327 0.0434752349321751
9.75246906821168 0.0419128827055032
9.75792836133449 0.0403471216847174
9.76338555165719 0.0387780946796649
9.76884098871994 0.0372059437537372
9.77429502042136 0.035630810282507
9.7797479932395 0.0340528350112326
9.78520025245036 0.0324721581113426
9.79065214234417 0.0308889192360111
9.79610400643997 0.0293032575749306
9.80155618769854 0.0277153119083833
9.80700902873427 0.0261252206607153
9.81246287202605 0.0245331219533105
9.8179180601277 0.0229391536571623
9.82337493587807 0.0213434534451394
9.8288338426113 0.0197461588440403
9.83429512436735 0.0181474072865311
9.83975912610332 0.0165473361630611
9.84522619390572 0.0149460828738498
9.85069667520412 0.0133437848810398
9.85617091898634 0.0117405797611118
9.86164927601575 0.0101366052576567
9.86713209905069 0.00853199933460381
9.87261974306666 0.00692690023000306
9.87811256548139 0.00532144651046489
9.8836109263832 0.00371577712636025
9.88911518876306 0.00211003146788857
9.8946257187506 0.000504349422124195
9.9001428858545 -0.00110112856884489
9.90566706320767 -0.00270626144856728
9.91119862781749 -0.00431090748554434
9.91673796082158 -0.005914924211084
9.92228544774955 -0.00751816835555796
9.92784147879098 -0.00912049578292191
9.93340644907031 -0.0107217614233514
9.93898075892878 -0.012321819203838
9.94456481421418 -0.0139205219765837
9.95015902657863 -0.0155177214450187
9.95576381378504 -0.0171132680872636
9.96137960002263 -0.0187070110768405
9.96700681623216 -0.0202987982004296
9.97264590044125 -0.0218884757724533
9.97829729811046 -0.0234758885462587
9.98396146249064 -0.0250608796216494
9.9896388549921 -0.0266432903485074
9.99532994556628 -0.0282229602262236
10.0010352131005 -0.0297997267986393
10.0067551458262 -0.0313734255441774
10.0124902417419 -0.0329438897608242
10.0182410090508 -0.0345109504455918
10.0240079666141 -0.0360744361680727
10.0297916444208 -0.0376341729376605
10.0355925840739 -0.039189984063989
10.0414113392953 -0.0407416900100996
10.0472484764478 -0.0422891082378167
10.0531045750772 -0.0438320530447678
10.0589802284728 -0.0453703353924431
10.064876044249 -0.0469037627246414
10.0707926449475 -0.0484321387756024
10.0767306686603 -0.0499552633670636
10.0826907696745 -0.0514729321934289
10.0886736191398 -0.0529849365941644
10.0946799057571 -0.0544910633124712
10.1007103364905 -0.0559910942392089
10.1067656373003 -0.0574848061409604
10.1128465538997 -0.058971970371042
10.1189538525309 -0.060452352562167
10.1250883207631 -0.0619257122993693
10.1312507683091 -0.0633918027716818
10.1374420278598 -0.0648503704009488
10.1436629559339 -0.0663011544460224
10.14991443374 -0.067743886580462
10.1561973680478 -0.0691782904417083
10.1625126920635 -0.0706040811495569
10.1688613663044 -0.0720209647915946
10.1752443794648 -0.0734286378730981
10.1816627492661 -0.0748267867287221
10.1881175232808 -0.0762150868931328
10.1946097797174 -0.0775932024275638
10.2011406281532 -0.0789607851991037
10.2077112101962 -0.0803174741093594
10.2143227000569 -0.0816628942689902
10.2209763050047 -0.0829966561144849
10.2276732656798 -0.0843183544634623
10.2344148562275 -0.0856275675047395
10.2412023842139 -0.0869238557194377
10.2480371902756 -0.0882067607295189
10.2549206474483 -0.0894758040703903
10.2618541601109 -0.0907304858846156
10.2688391624665 -0.0919702835343831
10.2758771164773 -0.0931946501312503
10.282969509148 -0.0944030129828947
10.2901178490439 -0.0955947719582232
10.2973236619083 -0.0967692977743435
10.3045884852276 -0.0979259302116928
10.3119138615699 -0.0990639762672085
10.3193013305033 -0.100182708259968
10.3267524188761 -0.101281361909425
10.3342686292195 -0.102359134413432
10.3418514260125 -0.103415182561888
10.3495022195304 -0.10444862093233
10.357222346987 -0.105458520226307
10.3650130506761 -0.106443905820083
10.3728754528286 -0.107403756620257
10.3808105269284 -0.108337004334107
10.3888190652857 -0.10924253328567
10.3969016427481 -0.110119180931048
10.4050585765596 -0.110965739249186
10.4132898825497 -0.111780957205633
10.4215952280704 -0.112563544504355
10.4299738823885 -0.113312176853068
10.4384246656026 -0.114025502967045
10.4469458975634 -0.114702153519793
10.4555353487303 -0.115340752211543
10.4641901953598 -0.115939929062736
10.4729069818457 -0.116498335946009
10.4816815933593 -0.117014664244737
10.4905092421 -0.117487664371212
10.4993844703746 -0.117916166700249
10.5083011733267 -0.11829910328774
10.5172526433714 -0.118635529567498
10.5262316372729 -0.118924645077614
10.5352304653739 -0.119165812184501
10.5442411008705 -0.119358571771153
10.5532553053948 -0.119502654950022
10.5622647657216 -0.119597990051868
10.5712612353559 -0.119644704416877
10.580236674243 -0.119643120845554
10.5891833799567 -0.119593748916862
10.5980941044462 -0.119497271708491
10.606962151657 -0.119354528721644
10.6157814529166 -0.119166495993592
10.6245466186702 -0.118934264463039
10.6332529667794 -0.118659017638584
10.6418965289838 -0.1183420095243
10.6504740381709 -0.117984543601743
10.6589828997569 -0.117587953480313
10.6674211507756 -0.117153585632371
10.6757874102417 -0.116682784445275
10.6840808240914 -0.116176879663229
10.6923010075757 -0.115637176164731
10.7004479874806 -0.115064945928332
10.7085221460172 -0.114461421978531
10.7165241677307 -0.113827794070332
10.7244549903279 -0.113165205859819
10.7323157599549 -0.112474753313219
10.7401077911496 -0.111757484123164
10.7478325314723 -0.111014397923741
10.7554915306494 -0.110246447122002
10.7630864139545 -0.109454538190382
10.7706188594868 -0.108639533290215
10.7780905789682 -0.107802252120161
10.785503301677 -0.106943473904334
10.7928587611406 -0.106063939453089
10.8001586842309 -0.105164353244696
10.8074047823338 -0.104245385488872
10.814598744295 -0.103307674143493
10.8217422308743 -0.102351826864099
10.828836870475 -0.101378422872419
10.8358842559415 -0.100388014735247
10.8428859422491 -0.0993811300489365
10.8498434449314 -0.098358273027778
10.8567582391157 -0.0973199259966865
10.8636317590557 -0.0962665507902526
10.8704653980671 -0.0951985900613001
10.877260508787 -0.0941164685028474
10.8840184036919 -0.093020593987827
10.8907403558179 -0.0919113586311708
10.8974275996383 -0.0907891397789563
10.9040813320594 -0.0896543009292868
10.9107027135042 -0.0885071925894729
10.917292869057 -0.0873481530739189
10.9238528896498 -0.0861775092469183
10.930383833271 -0.0849955772143434
10.9368867261839 -0.0838026629679752
10.9433625641447 -0.0825990629859879
10.9498123136091 -0.081385064792864
10.956236912923 -0.0801609474817896
10.9626372734895 -0.0789269822023572
10.9690142809107 -0.0776834326161984
10.9753687960994 -0.0764305553229658
10.9817016563596 -0.075168600258906
10.988013676434 -0.0738978110700857
10.994305649518 -0.0726184254621771
11.0005783482394 -0.071330675528559
11.0068325256047 -0.0700347880583512
11.0130689159112 -0.068730984825875
11.0192882356264 -0.0674194828629151
11.025491184235 -0.066100494715049
11.0316784450545 -0.0647742286832159
11.0378506860201 -0.0634408890516005
11.0440085604414 -0.0621006763028298
11.0501527077292 -0.0607537873214014
11.0562837540966 -0.0594004155861917
11.0624023132337 -0.0580407513528325
11.0685089869577 -0.0566749818266796
11.0746043658395 -0.0553032913270497
11.080689029808 -0.0539258614433487
11.0867635487331 -0.0525428711836698
11.0928284829888 -0.0511544971164013
11.0988843839973 -0.0497609135053429
11.1049317947549 -0.0483622924387969
11.1109712503419 -0.0469588039530686
11.1170032784153 -0.04555061615078
11.1230283996884 -0.0441378953143775
11.1290471283947 -0.0427208060151855
11.1350599727404 -0.0412995112183407
11.1410674353436 -0.0398741723839174
11.1470700136631 -0.0384449495645385
11.1530682004169 -0.0370120014997486
11.15906248399 -0.0355754857074106
11.1650533488353 -0.0341355585723736
11.1710412758647 -0.0326923754326477
11.1770267428342 -0.0312460906633077
11.1830102247221 -0.0297968577583403
11.1889921941013 -0.0283448294106393
11.1949731215069 -0.0268901575903428
11.2009534757986 -0.0254329936217034
11.2069337245208 -0.0239734882586713
11.2129143342579 -0.0225117917593691
11.2188957709888 -0.0210480539596287
11.2248785004385 -0.0195824243457594
11.2308629884295 -0.0181150521267114
11.2368497012316 -0.0166460863057972
11.2428391059131 -0.0151756757521318
11.248831670692 -0.0137039692719509
11.2548278652892 -0.0122311156799668
11.2608281612828 -0.0107572638709211
11.2668330324665 -0.00928256289149518
11.2728429552104 -0.00780716201274075
11.278858408826 -0.00633121080319555
11.2848798759363 -0.00485485920285198
11.2909078428509 -0.00337825759815103
11.2969427999475 -0.00190155689817832
11.3029852420598 -0.000424908612244645
11.3090356688735 0.00105153507096002
11.31509458533 0.00252762120244276
11.3211625020397 0.00400319599000968
11.3272399357049 0.00547810471317959
11.3333274095529 0.00695219163568511
11.3394254537818 0.00842529991532522
11.3455346060175 0.0098972715109206
11.3516554117846 0.0113679470861087
11.357788424991 0.0128371659097
11.3639342084288 0.0143047657523
11.3700933342899 0.0157705827788825
11.3762663846997 0.0172344514369778
11.3824539522693 0.0186962043401195
11.388656640666 0.0201556721461669
11.3948750652059 0.0216126834300913
11.4011098534668 0.0230670645507894
11.4073616459246 0.0245186395114488
11.4136310966145 0.0259672298129601
11.4199188738166 0.0274126542998271
11.4262256607691 0.0288547289979865
11.4325521564095 0.0302932669439011
11.4388990761457 0.0317280780042396
11.445267152657 0.0331589686853995
11.4516571367289 0.0345857419320701
11.4580697981207 0.0360081969139655
11.4645059264688 0.0374261287997823
11.4709663322257 0.0388393285173608
11.4774518476383 0.0402475824989371
11.4839633277635 0.0416506724102811
11.4905016515249 0.0430483748624087
11.4970677228109 0.0444404611044434
11.503662471613 0.0458266966960776
11.5102868552085 0.0472068411579483
11.5169418593833 0.0485806475980908
11.5236284996991 0.0499478623124771
11.5303478227996 0.0513082243574635
11.5371009077584 0.0526614650917861
11.5438888674633 0.0540073076855325
11.5507128500356 0.0553454665932948
11.5575740402788 0.0566756469884679
11.564473661152 0.0579975441553979
11.5714129752591 0.0593108428358085
11.5783932863454 0.0606152165256405
11.5854159407883 0.0619103267181291
11.5924823290673 0.0631958220886245
11.5995938871948 0.064471337616326
11.6067520980828 0.0657364936377689
11.6139584928184 0.0669908948265712
11.6212146518132 0.0682341290936333
11.6285222057824 0.0694657664017027
11.6358828365047 0.0706853574879821
11.6432982772998 0.0718924324883137
11.6507703131492 0.0730864994564333
11.6583007803724 0.074267042771922
11.6658915657507 0.0754335214308393
11.673544604974 0.0765853672136792
11.6812618802587 0.0777219827263652
11.6890454169614 0.0788427393115976
11.6968972789783 0.0799469748301693
11.7048195626875 0.0810339913150596
11.712814389149 0.0821030525054531
11.7208838942359 0.0831533812736101
11.7290302163168 0.0841841569650892
11.7372554810657 0.0851945126826174
11.7455617829168 0.0861835325563841
11.7539511626352 0.087150249059234
11.7624255804308 0.0880936404446895
11.7709868840104 0.0890126284094575
11.7796367709549 0.0899060761104904
11.7883767448325 0.0907727866999453
11.7972080645319 0.0916115025793186
11.8061316864409 0.0924209056157492
11.8151481993249 0.0931996186071889
11.8242577521045 0.0939462083257008
11.8334599752108 0.0946591905047335
11.8427538968304 0.0953370371599587
11.852137856148 0.0959781866350772
11.8616094166324 0.0965810567328484
11.8711652834535 0.0971440612152915
11.880801230169 0.0976656298239342
11.8905120407541 0.0981442317728216
11.9002914736788 0.0985784024023633
11.9101322548625 0.0989667723606344
11.9200261057414 0.0993080983245341
11.9299638112202 0.099601293926043
11.9399353299035 0.0998454592616674
11.9499299458219 0.100039907194673
11.9599364572047 0.100184184662239
11.9699433941642 0.100278087405055
11.9799392540165 0.100321666944271
11.9899127408987 0.100315229200872
11.9998529957322 0.100259324812271
12.0097498035454 0.100154731857235
12.0195937675393 0.100002432260353
12.0293764426459 0.0998035835392178
12.0390904251444 0.0995594877433448
12.0487293985964 0.0992715594144237
12.0582881394934 0.0989412942058994
12.0677624882794 0.0985702394900112
12.0771492927349 0.098159967912198
12.0864463311355 0.0977120544805772
12.0956522223073 0.0972280574429788
12.104766328907 0.0967095029306451
12.1137886591718 0.096157873146099
12.1227197712027 0.0955745977411395
12.1315606827011 0.0949610479603059
12.1403127880592 0.0943185331027027
12.1489777838592 0.0936482988673765
12.1575576031732 0.0929515271822497
12.1660543585662 0.0922293371639202
12.1744702933729 0.0914827869078524
12.1828077406043 0.0907128758603703
12.191069088731 0.0899205475721144
12.1992567535468 0.0891066926754418
12.2073731553255 0.0882721519649175
12.2154207005254 0.0874177194905581
12.2234017673573 0.0865441455982678
12.2313186946007 0.0856521398716128
12.2391737731272 0.0847423739444368
12.2469692396607 0.0838154841655705
12.2547072723727 0.0828720741056948
12.2623899879668 0.0819127169028897
12.2700194399675 0.0809379574480313
12.2775976179702 0.0799483144144133
12.2851264476521 0.0789442821381067
12.2926077913788 0.0779263323568986
12.3000434492718 0.0768949158163844
12.3074351606238 0.0758504637520901
12.3147846055735 0.0747933892564977
12.3220934069658 0.0737240885396331
12.3293631323399 0.0726429420915276
12.3365952959965 0.0715503157544221
12.3437913611095 0.0704465617121016
12.3509527418508 0.0693320194032393
12.3580808055064 0.0682070163651229
12.3651768745662 0.0670718690136415
12.3722422287743 0.0659268833649347
12.3792781071294 0.0647723557036565
12.3862857098292 0.0636085732023867
12.3932662001531 0.0624358144963314
12.4002207062807 0.061254350217091
12.4071503230444 0.0600644434889454
12.4140561136149 0.0588663503907998
12.420939111121 0.0576603203866581
12.4278003202039 0.0564465967272368
12.4346407185078 0.0552254168251036
12.441461258108 0.0539970126055159
12.4482628668803 0.0527616108349423
12.4550464498117 0.0515194334290824
12.461812890257 0.0502706977420405
12.4685630511423 0.0490156168381698
12.4752977761191 0.0477543997479747
12.4820178906707 0.0464872517093448
12.4887242031737 0.0452143743952859
12.4954175059177 0.0439359661292221
12.5020985760844 0.042652222088854
12.5087681766901 0.0413633344994825
12.5154270574925 0.040069492817635
12.5220759558645 0.0387708839057685
12.5287155976383 0.0374676921987653
12.5353466979193 0.036160099862885
12.5419699618749 0.0348482869477891
12.548586085498 0.0335324315322112
12.5551957563478 0.0322127098638082
12.5617996542697 0.030889296493691
12.5663706143592 0.0299706191902769
