1 0
1.0086092181773 0.0175219295797068
1.01672069024883 0.0346180679724038
1.02447244873201 0.0515330626913731
1.03194359823621 0.068414789469869
1.03917955733601 0.0853541569147494
1.04620593450511 0.102407588223276
1.05303646772865 0.119610235620669
1.05967769117664 0.136983961186032
1.06613172667031 0.154542243732354
1.07239797229101 0.172293230396432
1.07847413113795 0.190241647853769
1.08435684096142 0.208390004189117
1.09004206076273 0.226739346152873
1.09552530884022 0.24528973638754
1.10080180986024 0.264040553753128
1.10586658618845 0.282990681695048
1.11071451509412 0.30213862567975
1.1153403651007 0.321482585664859
1.11973881963819 0.341020500059781
1.12390449300924 0.360750071614195
1.12783194174789 0.380668781858745
1.13151567326248 0.400773898304956
1.13495015292408 0.421062477078451
1.13812981031355 0.441531362687364
1.14104904506508 0.462177186011394
1.14370223257512 0.482996361206091
1.14608372974182 0.503985081969346
1.14818788083656 0.525139317460232
1.15000902356987 0.546454808061125
1.15154149538957 0.567927061111367
1.15277964003438 0.589551346701219
1.153717814356 0.611322693589976
1.15435039541701 0.633235885296589
1.15467178786755 0.655285456401396
1.15467643160061 0.677465689091555
1.15435880968379 0.699770609979113
1.15371345656327 0.722193987218314
1.15273496653441 0.744729327947433
1.15141800247143 0.767369876079522
1.14975730480768 0.790108610465901
1.14774770075629 0.812938243455816
1.14538411375952 0.835851219875303
1.14266157315378 0.858839716447948
1.139575224036 0.881895641679776
1.13612033731508 0.905010636230008
1.13229231993119 0.928176073788818
1.12808672522389 0.951383062482491
1.12349926342863 0.974622446825521
1.11852581227971 0.997884810238236
1.11316242769644 1.02116047814738
1.10740535452759 1.04443952168587
1.10125103732819 1.06771176200645
1.09469613114095 1.09096677522254
1.08773751225386 1.1141938979878
1.0803722889039 1.13738223372406
1.07259781189584 1.16052065950544
1.06441168510436 1.18359783360415
1.05581177582639 1.20660220370153
1.04679622495016 1.22952201576517
1.03736345690684 1.25234532359074
1.02751218936982 1.27505999900462
1.01724144266688 1.29765374272041
1.00655054886994 1.32011409584016
0.995439160527272 1.34242845198791
0.983907259003425 1.36458407006058
0.97195516239217 1.38656808757826
0.959583532968761 1.40836753461304
0.94679338414838 1.42996934827276
0.93358608691876 1.45136038771303
0.919963375716182 1.4725274496484
0.905927353715482 1.49345728433038
0.891480497506363 1.51413661195796
0.876625661130111 1.5345521394832
0.861366079452905 1.55469057777261
0.845705370854063 1.57453865908252
0.829647539210026 1.59408315480483
0.813196975157375 1.61331089343756
0.796358456620915 1.63220877873334
0.779137148595663 1.65076380797727
0.761538602174498 1.6689630903449
0.74356875281628 1.68679386529014
0.725233917852283 1.70424352091233
0.70654079323193 1.72129961225169
0.687496449511946 1.73794987946237
0.668108327096128 1.75418226581279
0.648384230736051 1.7699849354637
0.628332323305981 1.78534629097536
0.607961118868187 1.80025499049666
0.58727947504763 1.81469996459053
0.566296584737599 1.82867043265201
0.54502196716034 1.84215591887731
0.523465458308925 1.85514626774477
0.501637200798669 1.86763165897099
0.479547633158145 1.87960262190837
0.457207478591362 1.89105004935307
0.434627733243951 1.90196521073538
0.41181965400712 1.9123397646678
0.388794745893849 1.92216577082889
0.365564749022208 1.93143570116447
0.342141625240734 1.94014245039061
0.318537544430739 1.94827934578587
0.294764870519916 1.95584015626331
0.270836147241014 1.96281910071543
0.246764083668466 1.96921085562775
0.222561539564763 1.97501056195939
0.198241510567161 1.98021383129085
0.173817113243939 1.98481675124128
0.149301570047934 1.9888158901593
0.124708194193583 1.99220830109258
0.100050374482126 1.99499152504274
0.0753415600980836 1.99716359351287
0.0505952453986055 1.99872303035568
0.0258249547158699 1.9996688529306
0.00104422719138978 2.00000057257833
-0.0237333983401101 1.99971819442133
-0.0484943984006061 1.99882221649843
-0.0732252798366863 1.99731362824166
-0.0979125946903379 1.99519390830261
-0.122542954957935 1.99246502173547
-0.147103047223028 1.98912941654328
-0.171579647148573 1.98519001959334
-0.195959633814128 1.98065023190738
-0.22023000388322 1.97551392333191
-0.244377885585605 1.9697854265935
-0.268390552498562 1.96346953074426
-0.292255437110608 1.95657147400227
-0.315960144150241 1.94909693599257
-0.339492463661432 1.94105202939436
-0.362840383806738 1.93244329100098
-0.385992103378006 1.92327767220021
-0.408936043993847 1.91356252888333
-0.431660861962274 1.90330561079288
-0.454155459786281 1.89251505032061
-0.476408997289607 1.88119935076864
-0.498410902339575 1.86936737408873
-0.52015088114371 1.85702832811665
-0.541618928096849 1.84419175332057
-0.562805335155661 1.83086750908445
-0.583700700717938 1.81706575954977
-0.604295937984647 1.80279695904085
-0.624582282783599 1.78807183710145
-0.644551300834697 1.77290138317199
-0.66419489443798 1.75729683093915
-0.683505308567201 1.7412696423912
-0.702475136353338 1.7248314916141
-0.721097323944291 1.70799424836527
-0.739365174729029 1.69076996146295
-0.75727235291655 1.6731708420303
-0.774812886462311 1.65520924663464
-0.791981169337071 1.63689766036246
-0.808771963135523 1.61824867987167
-0.825180398024502 1.59927499646263
-0.841201973033046 1.57998937920955
-0.85683255568902 1.56040465819347
-0.872068381009449 1.54053370787766
-0.886906049854099 1.52038943066561
-0.901342526654155 1.49998474068051
-0.915375136530078 1.47933254780432
-0.929001561814849 1.45844574201295
-0.942219838000859 1.4373371780426
-0.955028349130522 1.41601966042055
-0.96742582265251 1.39450592889183
-0.979411323767053 1.37280864427122
-0.990984249285202 1.35094037474798
-1.00214432102822 1.32891358266825
-1.0128915787944 1.30674061181817
-1.02322637292146 1.28443367522801
-1.03314935647361 1.26200484351556
-1.0426614770827 1.23946603378433
-1.05176396847365 1.21682899909
-1.06045834170418 1.19410531848586
-1.06874637614951 1.17130638765589
-1.07663011026211 1.14844341014149
-1.08411183213674 1.12552738916598
-1.09119406991062 1.10256912005831
-1.09787958202805 1.07957918327583
-1.10417134739818 1.05656793802334
-1.11007255547415 1.03354551646425
-1.11558659628082 1.01052181851743
-1.12071705041746 0.987506507231678
-1.12546767906089 0.96450900472836
-1.12984241399355 0.941538488700902
-1.13384534767965 0.918603889458664
-1.1374807234117 0.895713887501388
-1.14075292554836 0.872876911609283
-1.14366646986333 0.850101137432763
-1.1462259940238 0.827394486564977
-1.14843624821569 0.804764626079481
-1.15030208593173 0.782218968514726
-1.15182845493688 0.759764672286488
-1.15302038842468 0.737408642508914
-1.15388299637674 0.71515753220453
-1.15442145713606 0.693017743883304
-1.15464100920419 0.6709954314707
-1.15454694327063 0.649096502564631
-1.15414459448187 0.627326621001226
-1.15343933495637 0.605691209709424
-1.15243656655073 0.584195453834615
-1.15114171388118 0.562844304111772
-1.14956021760361 0.541642480468826
-1.14769752795443 0.520594475841418
-1.14555909855361 0.499704560180551
-1.14315038047039 0.478976784635143
-1.14047681655158 0.458414985891984
-1.13754383601122 0.438022790656097
-1.13435684928011 0.417803620255119
-1.13092124311286 0.397760695351861
-1.12724237594944 0.377897040749836
-1.12332557352801 0.358215490277161
-1.11917612474484 0.338718691734871
-1.11479927775715 0.319409111896338
-1.11020023632396 0.30028904154512
-1.10538415637988 0.281360600539233
-1.10035614283635 0.262625742890475
-1.09512124660461 0.244086261848078
-1.08968446183442 0.225743794976604
-1.08405072336241 0.207599829218634
-1.07822490436364 0.189655705933407
-1.07221181420001 0.171912625903177
-1.06601619645883 0.154371654299654
-1.05964272717498 0.137033725603451
-1.05309601322997 0.119899648470046
-1.04638059092116 0.102970110536281
-1.03950092469437 0.0862456831619561
-1.03246140603336 0.0697268261015905
-1.02526635249928 0.0534138921018768
-1.01792000691376 0.0373071314208491
-1.01042653667889 0.0214066962652073
-1.00279003322788 0.00571264514267246
-0.995014511599899 -0.00977505287335155
-0.987103910132999 -0.0250565139691562
-0.979062090269019 -0.0401319355081267
-0.970892836464518 -0.0550015920418021
-0.962599856201945 -0.0696658314159183
-0.954186780095401 -0.0841250709724451
-0.945657162085498 -0.0983797938483572
-0.937014479717981 -0.1124305453716
-0.92826213450095 -0.126277929554474
-0.919403452335684 -0.139922605684424
-0.910441684016225 -0.153365285012016
-0.901380005793072 -0.166606727535667
-0.892221519996489 -0.179647738882541
-0.882969255715112 -0.192489167284825
-0.873626169525701 -0.205131900650475
-0.864195146270064 -0.217576863727354
-0.854678999875333 -0.229825015359594
-0.845080474213954 -0.241877345834853
-0.835402243999901 -0.253734874321088
-0.825646915717792 -0.265398646391332
-0.815817028581748 -0.276869731634899
-0.805915055520972 -0.288149221353376
-0.795943404189195 -0.299238226339694
-0.785904417995276 -0.310137874738503
-0.775800377152382 -0.32084930998607
-0.765633499743309 -0.33137368882783
-0.755405942799668 -0.341712179411744
-0.745119803392743 -0.351865959455548
-0.734777119734011 -0.361836214486004
-0.724379872283379 -0.371624136148207
-0.713929984863364 -0.381230920583046
-0.703429325777514 -0.390657766870875
-0.692879708931514 -0.399905875539475
-0.682282894955487 -0.408976447134401
-0.671640592326142 -0.417870680849793
-0.660954458487491 -0.426589773217782
-0.650226100968959 -0.435134916854619
-0.639457078499802 -0.443507299261666
-0.628648902118837 -0.451708101679444
-0.61780303627855 -0.459738497992935
-0.606920899942767 -0.467599653686364
-0.596003867677091 -0.475292724845737
-0.585053270731439 -0.482818857207413
-0.574070398114028 -0.490179185251053
-0.563056497656267 -0.497374831335294
-0.552012777068033 -0.504406904874563
-0.540940404982907 -0.511276501555438
-0.52984051199297 -0.517984702591063
-0.518714191672821 -0.524532574012086
-0.507562501592541 -0.530921165992706
-0.496386464319351 -0.537151512210374
-0.485187068407777 -0.543224629237813
-0.473965269378164 -0.549141515965978
-0.462721990683429 -0.554903153056693
-0.451458124663968 -0.560510502423682
-0.440174533490685 -0.565964506740777
-0.428872050096124 -0.571266088976127
-0.417551479093742 -0.576416151951251
-0.406213597685352 -0.581415577923842
-0.394859156556837 -0.586265228193229
-0.383488880762229 -0.590965942727496
-0.372103470596281 -0.595518539811226
-0.360703602455686 -0.599923815712934
-0.349289929689125 -0.604182544371259
-0.337863083436317 -0.608295477099015
-0.326423673456302 -0.61226334230426
-0.314972288945177 -0.616086845227548
-0.303509499343528 -0.619766667694589
-0.292035855133819 -0.62330346788355
-0.280551888628024 -0.62669788010629
-0.269058114745767 -0.629950514602815
-0.257555031783292 -0.633061957348322
-0.24604312217355 -0.636032769872183
-0.234522853237754 -0.638863489088276
-0.222994677928706 -0.641554627136099
-0.211459035566243 -0.644106671232125
-0.199916352565165 -0.646520083530885
-0.188367043155978 -0.648795300995303
-0.176811510098837 -0.650932735275818
-0.165250145391034 -0.652932772597882
-0.153683330968439 -0.654795773657416
-0.142111439401241 -0.656522073523866
-0.130534834584403 -0.6581119815505
-0.118953872423201 -0.659565781291631
-0.107368901514262 -0.660883730426467
-0.0957802638224845 -0.662066060689321
-0.0841882953542501 -0.663112977805929
-0.0725933268273354 -0.664024661435654
-0.0609956843379274 -0.664801265119392
-0.04939569002516 -0.665442916232989
-0.0377936627335786 -0.66594971594603
-0.0261899186739538 -0.666321739185874
-0.0145847720828626 -0.666559034606839
-0.00297853588144984 -0.666661624564439
0.00862847766620179 -0.666629505094651
0.0202359562946773 -0.666462645898151
0.0318435870783867 -0.666160990329532
0.0434510557718486 -0.665724455391506
0.0550580461486824 -0.665152931734152
0.0666642393388811 -0.664446283659244
0.0782693131639444 -0.663604349129773
0.0898729414694488 -0.662626939784762
0.101474793454633 -0.661513840959512
0.113074532998579 -0.660264811711444
0.124671817982566 -0.65887958485171
0.136266299608186 -0.657357866982799
0.147857621710796 -0.65569933854236
0.159445420067901 -0.653903653853509
0.17102932170205 -0.651970441181906
0.182608944177845 -0.649899302799908
0.194183894892651 -0.647689815058144
0.205753770360602 -0.645341528464878
0.217318155489523 -0.642853967773548
0.228876622850357 -0.640226632078903
0.240428731938718 -0.637458994922197
0.251974028428191 -0.634550504405905
0.263512043415002 -0.631500583318478
0.275042292653685 -0.628308629269673
0.286564275783394 -0.624974014837028
0.298077475544505 -0.621496087724079
0.309581356985158 -0.617874170930952
0.321075366657424 -0.614107562938001
0.332558931802753 -0.610195537903176
0.344031459526406 -0.606137345873867
0.355492335960579 -0.601932213013981
0.366940925415914 -0.597579341847056
0.378376569521156 -0.593077911516244
0.389798586350676 -0.588427078062051
0.401206269539646 -0.583625974718724
0.412598887386642 -0.578673712230248
0.423975681943471 -0.573569379186936
0.43533586809206 -0.568312042383638
0.446678632608247 -0.56290074720063
0.458003133212354 -0.5573345180083
0.469308497606427 -0.551612358596763
0.480593822498094 -0.545733252631615
0.491858172610979 -0.539696164137023
0.503100579681678 -0.533500038007467
0.514320041443309 -0.527143800549404
0.525515520595715 -0.520626360054254
0.536685943762406 -0.513946607404073
0.547830200434395 -0.507103416711392
0.55894714190111 -0.500095645994683
0.570035580168621 -0.492922137891001
0.581094286865464 -0.485581720407372
0.592121992136403 -0.478073207712551
0.603117383524521 -0.470395400970804
0.614079104842091 -0.462547089219428
0.625005755030757 -0.454527050291742
0.635895887011583 -0.446334051787357
0.646748006525642 -0.437966852091531
0.657560570965857 -0.429424201445487
0.668331988200905 -0.42070484306959
0.679060615392057 -0.411807514341332
0.689744757803928 -0.402730948030086
0.700382667610197 -0.393473873590639
0.710972542695433 -0.384035018517539
0.7215125254543 -0.374413109762313
0.732000701589469 -0.364606875215635
0.74243509890971 -0.354615045256561
0.752813686129727 -0.344436354370936
0.763134371673432 -0.334069542841115
0.773395002482454 -0.323513358509131
0.783593362831826 -0.312766558615456
0.793727173154924 -0.3018279117155
0.803794088879831 -0.290696199675961
0.81379169927951 -0.27937021975317
0.82371752633824 -0.267848786755498
0.833569023636973 -0.256130735291908
0.843343575260401 -0.244214922108674
0.853038494728693 -0.232100228516249
0.862651023957016 -0.219785562908212
0.872178332246128 -0.207269863374147
0.88161751530752 -0.19455210040826
0.890965594326723 -0.181631279715407
0.900219515068621 -0.168506445116167
0.909376147028761 -0.155176681552422
0.91843228263486 -0.141641118194826
0.92738463650288 -0.127898931653394
0.936229844752261 -0.113949349292275
0.944964464385053 -0.09979165264963
0.953584972733936 -0.0854251809633206
0.962087766984257 -0.0708493348029494
0.970469163775451 -0.0560635798085339
0.978725398887383 -0.0410674505358906
0.986852627017335 -0.025860554408529
0.994846921653573 -0.0104425757755856
1.00270427505159 0.0051867199249709
1.01042059831932 0.0210274818989468
1.01799172161775 0.0370797696257814
1.02541339448357 0.0533435483874339
1.03268128628069 0.0698186846984828
1.03979098678741 0.0865049416400245
1.04673800692647 0.103401974100386
1.05351777964502 0.120509323926124
1.06012566095186 0.137826414987268
1.06655693111931 0.155352548161262
1.07280679605714 0.173086896240592
1.07887038886609 0.191028498769632
1.08474277157844 0.20917625681682
1.09041893709313 0.227528927688872
1.09589381131307 0.246085119594359
1.10116225549187 0.264843286264603
1.10621906879755 0.283801721540526
1.11105899110024 0.302958553934751
1.11567670599117 0.322311741178937
1.12006684403971 0.341859064767064
1.12422398629511 0.361598124506082
1.12814266803937 0.381526333086092
1.13181738279723 0.401640910682939
1.13524258660906 0.421938879606862
1.1384127025718 0.442417059011602
1.14132212565283 0.463072059679063
1.14396522778104 0.483900278895426
1.14633636321875 0.504897895435289
1.14842987421761 0.526060864671151
1.15024009696088 0.54738491382623
1.15176136779355 0.568865537389294
1.15298802974141 0.590497992710806
1.15391443931876 0.612277295800301
1.15453497362398 0.634198217345461
1.15484403772091 0.656255278973882
1.15483607230307 0.678442749778983
1.15450556163673 0.700754643131886
1.15384704177736 0.723184713801481
1.15285510905329 0.745726455405071
1.15152442880863 0.768373098212256
1.1498497443966 0.791117607324712
1.14782588641287 0.813952681254614
1.14544778215708 0.836870750924245
1.14271046530951 0.8598639791092
1.13960908580823 0.882924260347223
1.13613891991068 0.906043221334266
1.13229538042208 0.9292122218288
1.12807402707172 0.952422356084699
1.12347057701657 0.975664454832156
1.11848091545023 0.998929087825158
1.11310110629379 1.02220656697286
1.10732740294382 1.04548695007099
1.10115625905115 1.06876004514799
1.09458433930304 1.09201541543902
1.08760853017987 1.11524238499927
1.08022595065643 1.13843004496619
1.07243396281675 1.16156726047829
1.06423018235044 1.18464267825589
1.05561248889761 1.20764473484726
1.04657903620882 1.23056166554092
1.03712826208564 1.25338151394254
1.02725889806721 1.27609214221231
1.0169699788278 1.29868124195593
1.00626085125011 1.32113634575969
0.995131183139275 1.34344483935723
0.983580971542629 1.36559397441277
0.971610550640869 1.3875708819028
0.959220599176682 1.40936258607506
0.946412147387881 1.43095601896128
0.933186583413071 1.45233803541663
0.919545659139111 1.47349542865669
0.905491495461088 1.49441494625972
0.891026586927181 1.51508330659925
0.876153805742637 1.53548721567002
0.860876405109123 1.55561338426734
0.845198021877962 1.57544854547837
0.829122678498135 1.59497947244127
0.812654784242528 1.61419299632687
0.795799135698575 1.63307602449559
0.778560916512277 1.65161555878127
0.760945696377555 1.66979871385248
0.742959429265851 1.687612735601
0.724608450894016 1.70504501950685
0.70589947543164 1.72208312892899
0.686839591452079 1.73871481327096
0.667436257134575 1.75492802597115
0.647697294727908 1.77071094226818
0.627630884289045 1.78605197669293
0.607245556713107 1.80093980023995
0.586550186073758 1.81536335717295
0.565553981295765 1.82931188142058
0.544266477183841 1.84277491252113
0.522697524834175 1.85574231107711
0.500857281457025 1.86820427368322
0.478756199640523 1.88015134729395
0.456405016087326 1.89157444300015
0.43381473985701 1.90246484918658
0.410996640148002 1.91281424404598
0.387962233653565 1.9226147074279
0.364723271526704 1.93185873200405
0.341291725988951 1.94053923373463
0.317679776617849 1.94864956162352
0.293899796347495 1.95618350675272
0.269964337215865 1.96313531058953
0.245886115891728 1.9694996725623
0.221677999012899 1.97527175690316
0.197352988366337 1.980447198758
0.172924205939214 1.98502210956629
0.14840487886862 1.98899308171462
0.123808324316022 1.99235719246944
0.0991479342910653 1.99511200719547
0.0744371604477368 1.99725558186724
0.0496894988743983 1.99878646488164
0.0249184748978109 1.99970369817999
0.00013762791991904 2.00000681768799
-0.0246395036949888 1.99969585308201
-0.0493993976661603 1.9987713268901
-0.0741285627595477 1.99723425293547
-0.0988135536531753 1.99508613413002
-0.123440985690053 1.99232895962482
-0.147997549504225 1.98896520132418
-0.172470025505608 1.98499780976908
-0.196845298209135 1.98043020939584
-0.221110370393352 1.97526629317491
-0.245252377073207 1.96951041663512
-0.269258599271087 1.96316739127818
-0.293116477569475 1.95624247738843
-0.316813625427775 1.94874137624344
-0.340337842244967 1.940670221731
-0.363677126148931 1.9320355713794
-0.386819686492356 1.92284439680817
-0.409753956034338 1.91310407360825
-0.432468602786067 1.90282237066123
-0.454952541498299 1.89200743890952
-0.477194944767866 1.88066779959021
-0.499185253740067 1.86881233194812
-0.520913188383645 1.85645026044466
-0.542368757315069 1.8435911414818
-0.563542267149057 1.83024484966215
-0.584424331352698 1.81642156360867
-0.605005878581236 1.80213175136938
-0.625278160474395 1.78738615543465
-0.645232758893273 1.77219577739694
-0.664861592579116 1.75657186228448
-0.68415692321674 1.74052588260244
-0.703111360887138 1.72406952211691
-0.721717868895624 1.70721465941836
-0.739969767963844 1.68997335130273
-0.757860739776179 1.67235781600949
-0.775384829873286 1.65438041635679
-0.792536449887856 1.63605364281468
-0.809310379120094 1.61739009655765
-0.825701765452829 1.59840247253823
-0.841706125608664 1.57910354262304
-0.857319344754001 1.55950613883269
-0.872537675457215 1.53962313672617
-0.887357736010647 1.51946743896985
-0.901776508128367 1.49905195913009
-0.91579133403391 1.47838960572741
-0.929399912954324 1.4574932665885
-0.942600297038834 1.43637579353137
-0.955390886722364 1.41504998741645
-0.967770425555852 1.39352858359531
-0.979737994526891 1.37182423778614
-0.991293005895671 1.34994951240324
-1.00243519657245 1.32791686336556
-1.0131646210639 1.30573862740696
-1.02348164401652 1.2834270099085
-1.03338693238619 1.26099407327089
-1.0428814472635 1.23845172584242
-1.05196643538471 1.21581171141578
-1.06064342035884 1.19308559930435
-1.06891419364103 1.17028477500643
-1.07678080528273 1.14742043146342
-1.08424555448864 1.12450356091577
-1.09131098001026 1.10154494735828
-1.09797985040548 1.07855515959417
-1.10425515419271 1.0555445448854
-1.11014008992784 1.03252322319457
-1.11563805623113 1.00950108201221
-1.12075264179037 0.986487771761185
-1.12548761536587 0.96349270176866
-1.12984691582138 0.940525036794203
-1.13383464220446 0.917593694101605
-1.13745504389821 0.894707341060446
-1.14071251086528 0.871874393262445
-1.14361156400403 0.849103013136564
-1.14615684563502 0.826401109045961
-1.14835311013516 0.803776334849096
-1.15020521473542 0.781236089906642
-1.15171811049661 0.758787519515309
-1.15289683347671 0.736437515749217
-1.15374649610181 0.714192718689175
-1.15427227875151 0.692059518019918
-1.15447942156849 0.670044054975282
-1.15437321650068 0.648152224611172
-1.15395899958345 0.626389678386284
-1.15324214346795 0.604761827030599
-1.15222805020079 0.583273843681855
-1.15092214425932 0.561930667270484
-1.14932986584539 0.540737006133794
-1.14745666444007 0.519697341840508
-1.14530799262057 0.498815933207266
-1.14288930013977 0.478096820489074
-1.14020602826823 0.457543829726243
-1.13726360439749 0.437160577230874
-1.13406743690312 0.416950474196498
-1.13062291026502 0.396916731415091
-1.12693538044216 0.377062364086273
-1.12301017049819 0.357390196704145
-1.11885256647407 0.337902868007817
-1.11446781350322 0.318602835982378
-1.10986111216444 0.299492382897661
-1.10503761506747 0.280573620372809
-1.10000242366564 0.261848494455351
-1.09476058528997 0.243318790704053
-1.08931709039864 0.224986139265533
-1.08367687003574 0.206852019935186
-1.07784479349292 0.188917767193644
-1.07182566616743 0.171184575210546
-1.06562422761008 0.153653502808023
-1.05924514975635 0.136325478376863
-1.05269303533402 0.119201304738865
-1.04597241644063 0.102281663949468
-1.03908775328402 0.0855671220352115
-1.03204343307921 0.0690581336611419
-1.0248437690951 0.0527550467237099
-1.0174929998443 0.0366581068652025
-1.00999528840963 0.0207674619061837
-1.00235472190082 0.00508316619282674
-0.994575311035179 -0.0103948151435602
-0.986660989835992 -0.0256666020171305
-0.978615615442538 -0.0407323953102021
-0.97044296802587 -0.0555924728896741
-0.962146750804522 -0.0702471857184605
-0.95373059015451 -0.0846969540629592
-0.945198035808156 -0.0989422637972483
-0.936552561136403 -0.112983662804489
-0.92779756350946 -0.126821757475729
-0.918936364730796 -0.14045720930608
-0.909972211539658 -0.153890731588058
-0.900908276177459 -0.167123086201627
-0.891747657013552 -0.180155080500345
-0.882493379226092 -0.192987564292846
-0.873148395533838 -0.205621426918708
-0.863715586974926 -0.21805759441765
-0.854197763728805 -0.230297026790855
-0.844597665977716 -0.242340715353125
-0.834917964804216 -0.254189680174439
-0.825161263121451 -0.265844967609426
-0.815330096633006 -0.277307647913178
-0.805426934819347 -0.288578812941737
-0.795454181947982 -0.299659573935557
-0.78541417810465 -0.310551059384173
-0.775309200242964 -0.321254412970277
-0.765141463250091 -0.331770791591338
-0.75491312102618 -0.342101363456925
-0.744626267575368 -0.35224730625981
-0.734282938106344 -0.362209805418949
-0.72388511014056 -0.371990052392433
-0.713434704626285 -0.381589243058457
-0.702933587056841 -0.391008576162408
-0.692383568591435 -0.400249251828124
-0.681786407177143 -0.409312470131432
-0.671143808670663 -0.418199429734048
-0.660457427958595 -0.426911326575966
-0.649728870075058 -0.43544935262445
-0.638959691315569 -0.443814694677809
-0.628151400346198 -0.452008533222113
-0.617305459307061 -0.460032041339067
-0.606423284909339 -0.467886383663267
-0.595506249525045 -0.475572715387119
-0.584555682268848 -0.483092181311696
-0.573572870071341 -0.490445914941881
-0.562559058743184 -0.49763503762415
-0.551515454029619 -0.504660657725393
-0.54044322265493 -0.511523869851226
-0.529343493356449 -0.51822575410224
-0.518217357907786 -0.52476737536672
-0.507065872130985 -0.531149782648375
-0.495890056897376 -0.537374008427663
-0.484690899116942 -0.543441068055346
-0.473469352716014 -0.549351959176925
-0.462226339603225 -0.555107661186676
-0.450962750623614 -0.560709134710012
-0.439679446500856 -0.566157321112967
-0.428377258767613 -0.571453142037604
-0.417056990684014 -0.576597498962215
-0.405719418144334 -0.581591272785214
-0.394365290571946 -0.586435323431627
-0.382995331802644 -0.591130489481186
-0.371610240956489 -0.595677587816999
-0.3602106932983 -0.600077413293854
-0.348797341086995 -0.604330738425235
-0.337370814413951 -0.608438313088152
-0.32593172203061 -0.612400864244939
-0.314480652165561 -0.616219095681205
-0.303018173331328 -0.619893687759132
-0.291544835121142 -0.623425297185397
-0.280061168995971 -0.626814556792966
-0.268567689062074 -0.630062075336102
-0.257064892839413 -0.633168437297897
-0.2455532620212 -0.636134202709733
-0.234033263224931 -0.638959906982053
-0.222505348735212 -0.641646060745882
-0.210969957238733 -0.644193149704563
-0.199427514551739 -0.6466016344952
-0.187878434340345 -0.648871950559321
-0.176323118834063 -0.65100450802231
-0.164761959532914 -0.652999691581189
-0.153195337908497 -0.654857860400342
-0.141623626099398 -0.656579348014816
-0.130047187601323 -0.658164462240845
-0.118466377952353 -0.659613485093294
-0.10688154541371 -0.660926672709696
-0.0952930316464317 -0.662104255280653
-0.0837011723843687 -0.663146436986324
-0.0721062981038969 -0.664053395938789
-0.0605087346907675 -0.664825284130107
-0.0489088041044922 -0.665462227385872
-0.0373068250406882 -0.665964325324143
-0.0257031135917993 -0.666331651319603
-0.0140979839065991 -0.666564252472865
-0.00249174884890889 -0.66666214958484
0.0091152793440547 -0.666625337136111
0.0207227884032835 -0.666453783271289
0.0323304653691053 -0.66614742978835
0.0439379959314192 -0.665706192132953
0.0555450637686058 -0.665129959397807
0.0671513498846978 -0.664418594327125
0.0787565319443881 -0.663571933326276
0.0903602836054431 -0.662589786476731
0.101962273848116 -0.661471937556456
0.11356216630112 -0.660218144065899
0.125159618563759 -0.65882813725977
0.136754281523785 -0.657301622184813
0.14834579867058 -0.655638277723818
0.159933805403231 -0.653837756646126
0.171517928333107 -0.651899685664915
0.183097784580507 -0.649823665501593
0.194672981065 -0.647609270957615
0.206243113789035 -0.645256050994116
0.21780776711443 -0.642763528819739
0.229366513031355 -0.640131201987087
0.240918910419418 -0.637358542498246
0.252464504300464 -0.634444996919866
0.264002825082724 -0.631389986508307
0.275533387795948 -0.628192907345377
0.287055691317148 -0.624853130485262
0.298569217586612 -0.621370002113216
0.310073430813843 -0.617742843716672
0.321567776673087 -0.61397095226942
0.333051681488136 -0.610053600429566
0.344524551406088 -0.605990036751997
0.355985771559774 -0.601779485916124
0.367434705218563 -0.597421148969702
0.378870692927283 -0.592914203589573
0.390293051633001 -0.588257804360193
0.401701073799432 -0.583451083070875
0.41309402650875 -0.578493149032687
0.424471150550633 -0.573383089415986
0.435831659498327 -0.568119969609643
0.447174738771616 -0.562702833602989
0.458499544686558 -0.55713070439163
0.469805203491874 -0.551402584408247
0.481090810391952 -0.545517455979596
0.492355428556384 -0.539474281810923
0.50359808811608 -0.533272005499081
0.514817785145933 -0.526909552075664
0.526013480634139 -0.520385828581507
0.537184099438263 -0.513699724673984
0.548328529228185 -0.506850113268516
0.559445619416137 -0.499835851215816
0.570534180074055 -0.492655780016372
0.581592980838539 -0.485308726573779
0.592620749803753 -0.477793503988517
0.603616172402679 -0.470108912393848
0.614577890277162 -0.46225373983555
0.625504500137279 -0.454226763197209
0.636394552610607 -0.446026749172898
0.647246551082053 -0.437652455289031
0.658058950524968 -0.429102630977291
0.668830156324351 -0.420376018700523
0.679558523093043 -0.411471355133532
0.690242353481854 -0.402387372400772
0.700879896984717 -0.393122799372922
0.711469348740003 -0.383676363024383
0.722008848329269 -0.374046789853765
0.732496478574765 -0.364232807369446
0.74293026433721 -0.354233145642308
0.753308171315366 -0.344046538927768
0.763628104849139 -0.333671727359238
0.773887908728001 -0.323107458715164
0.784085364006683 -0.312352490261769
0.794218187830214 -0.301405590673654
0.804284032270506 -0.290265542034387
0.814280483176844 -0.278931141919186
0.824205059042777 -0.267401205561803
0.83405520989205 -0.255674568107661
0.843828316186396 -0.243750086955277
0.853521687758128 -0.231626644187954
0.863132562770688 -0.219303149097658
0.872658106710425 -0.206778540802945
0.882095411413097 -0.194051790962721
0.891441494128722 -0.181121906587523
0.900693296628632 -0.16798793294994
0.909847684358723 -0.154648956595628
0.918901445643118 -0.141104108456307
0.927851290942627 -0.127352567065946
0.936693852172589 -0.113393561881211
0.945425682084874 -0.0992263767070686
0.95404325371901 -0.0848503532282686
0.96254295992761 -0.0702648946472002
0.970921112981456 -0.0554694694284257
0.979173944259784 -0.0404636151499347
0.987297604031524 -0.0252469424609143
0.995288161333426 -0.00981913914555086
1.0002475003876 -4.89979959881927E-16
