0 0
0.0104396164967812 0.0104396164967812
0.0204976993969363 0.0204966232418071
0.0303244373923863 0.030320307258495
0.0400092947930628 0.0399992899582918
0.0496065189628172 0.0495869914947033
0.0591493754873882 0.0591158506887891
0.0686584087441335 0.0686055812609827
0.0781463633616488 0.0780680930388124
0.0876211675625137 0.0875104763395331
0.0970877620090827 0.0969368320456059
0.106549228970793 0.106349401811865
0.116007492663695 0.115749269173957
0.12546375486315 0.125136795688714
0.134918766343104 0.13451189271952
0.144372996206194 0.143874190988573
0.153826737590374 0.153223146427157
0.163280173686873 0.162558106291001
0.172733418982397 0.171878350474901
0.182186545028088 0.181183117342284
0.191639596542217 0.190471619884352
0.201092601473239 0.199743055839503
0.210545577288756 0.208996614040524
0.219998534905949 0.218231478405767
0.229451481148027 0.227446830458907
0.238904420279487 0.236641850929748
0.248357354965633 0.245815720781154
0.257810286872279 0.254967621877586
0.26726321704056 0.264096737429821
0.276716146121182 0.273202252299874
0.28616907452084 0.282283353218581
0.295622002493714 0.291339228948593
0.30507493019867 0.30036907041323
0.314527857734997 0.309372070803937
0.323980785164752 0.318347425674317
0.33343371252672 0.3272943330257
0.342886639845141 0.336211993387344
0.352339567135167 0.345099609893196
0.361792494406267 0.353956388356422
0.371245421664357 0.362781537342444
0.380698348913138 0.371574268240952
0.390151276154921 0.380333795337181
0.399604203391151 0.389059335882621
0.409057130622731 0.397750110165277
0.418510057850225 0.40640534157954
0.427962985073986 0.415024256695703
0.437415912294235 0.423606085329156
0.446868839511109 0.432150060609247
0.456321766724695 0.440655419047848
0.465774693935046 0.449121400607594
0.475227621142195 0.457547248769813
0.484680548346165 0.465932210602134
0.494133475546968 0.474275536825772
0.503586402744612 0.482576481882491
0.513039329939103 0.490834304001224
0.522492257130443 0.499048265264361
0.531945184318635 0.507217631673689
0.54139811150368 0.515341673215983
0.550851038685578 0.523419663928239
0.560303965864331 0.531450881962547
0.569756893039938 0.539434609650596
0.5792098202124 0.547370133567801
0.588662747381717 0.555256744597061
0.598115674547888 0.56309373799212
0.607568601710915 0.570880413440545
0.617021528870796 0.578616075126307
0.626474456027533 0.586300031791956
0.635927383181124 0.593931596800396
0.645380310331571 0.601510088196236
0.654833237478872 0.609034828766739
0.664286164623028 0.616505146102329
0.67373909176404 0.62392037265668
0.683192018901906 0.631279845806371
0.692644946036628 0.638582907910095
0.702097873168204 0.645828906367423
0.711550800296636 0.653017193677128
0.721003727421922 0.660147127495037
0.730456654544063 0.667218070691437
0.73990958166306 0.674229391408007
0.749362508778911 0.681180463114278
0.758815435891618 0.688070664663624
0.768268363001179 0.694899380348764
0.777721290107596 0.701665999956784
0.787174217210867 0.708369918823664
0.796627144310994 0.715010537888312
0.806080071407975 0.721587263746094
0.815532998501811 0.728099508701863
0.824985925592503 0.734546690822472
0.834438852680049 0.74092823398878
0.843891779764451 0.747243567947129
0.853344706845707 0.753492128360307
0.862797633923819 0.759673356857971
0.872250560998785 0.765786701086548
0.881703488070607 0.771831614758592
0.891156415139283 0.777807557701597
0.900609342204814 0.783713995906271
0.910062269267201 0.789550401574254
0.919515196326442 0.795316253165278
0.928968123382539 0.801011035443779
0.93842105043549 0.80663423952493
0.947873977485297 0.812185362920123
0.957326904531958 0.817663909581864
0.966779831575475 0.823069389948105
0.976232758615846 0.828401320985989
0.985685685653073 0.833659226235014
0.995138612687154 0.838842635849609
1.00459153971809 0.843951086641122
1.01404446674588 0.848984122119203
1.02349739377053 0.853941292532607
1.03295032079203 0.858822154909374
1.04240324781039 0.863626273096419
1.0518561748256 0.868353217798501
1.06130910183766 0.873002566616593
1.07076202884659 0.877573904085617
1.08021495585236 0.882066821711579
1.08966788285499 0.886480918008068
1.09912080985448 0.890815798532132
1.10857373685082 0.895071075919526
1.11802666384402 0.899246369919329
1.12747959083407 0.90334130742792
1.13693251782098 0.90735552252232
1.14638544480474 0.911288656492892
1.15583837178535 0.915140357875392
1.16529129876283 0.918910282482379
1.17474422573715 0.922598093433969
1.18419715270833 0.926203461187942
1.19365007967637 0.929726063569184
1.20310300664126 0.933165585798483
1.21255593360301 0.936521720520655
1.22200886056161 0.939794167832005
1.23146178751707 0.942982635307136
1.24091471446938 0.946086838025068
1.25036764141855 0.949106498594711
1.25982056836457 0.952041347179641
1.26927349530744 0.954891121522221
1.27872642224718 0.957655566967033
1.28817934918376 0.960334436483634
1.2976322761172 0.96292749068863
1.3070852030475 0.965434497867068
1.31653812997465 0.967855233993144
1.32599105689866 0.970189482750217
1.33544398381952 0.972437035550144
1.34489691073724 0.974597691551918
1.35434983765181 0.976671257679612
1.36380276456323 0.978657548639637
1.37325569147152 0.980556386937296
1.38270861837665 0.982367602892648
1.39216154527864 0.984091034655666
1.40161447217749 0.985726528220706
1.41106739907319 0.987273937440265
1.42052032596575 0.98873312403804
1.42997325285516 0.990103957621288
1.43942617974143 0.991386315692473
1.44887910662455 0.992580083660218
1.45833203350453 0.99368515484954
1.46778496038136 0.994701430511384
1.47723788725504 0.99562881983145
1.48669081412559 0.996467239938303
1.49614374099298 0.997216615910783
1.50559666785723 0.997876880784696
1.51504959471834 0.998447975558803
1.5245025215763 0.998929849200086
1.53395544843112 0.999322458648313
1.54340837528279 0.999625768819884
1.55286130213132 0.999839752610969
1.5623142289767 0.999964390899923
1.57176715581894 0.999999672549002
1.58122008265803 0.999945594405356
1.59067300949397 0.999802161301308
1.60012593632678 0.999569386053927
1.60957886315643 0.999247289463876
1.61903178998294 0.998835900313562
1.62848471680631 0.998335255364555
1.63793764362653 0.997745399354311
1.64739057044361 0.997066384992168
1.65684349725754 0.99629827295464
1.66629642406833 0.995441131879992
1.67574935087597 0.994495038362108
1.68520227768047 0.993460076943648
1.69465520448182 0.99233634010849
1.70410813128002 0.991123928273469
1.71356105807509 0.989822949779401
1.723013984867 0.988433520881403
1.73246691165578 0.986955765738504
1.7419198384414 0.985389816402551
1.75137276522388 0.983735812806409
1.76082569200322 0.981993902751456
1.77027861877941 0.980164241894372
1.77973154555246 0.978246993733239
1.78918447232236 0.976242329592919
1.79863739908912 0.974150428609754
1.80809032585273 0.971971477715553
1.8175432526132 0.96970567162089
1.82699617937052 0.967353212797706
1.83644910612469 0.96491431146121
1.84590203287573 0.962389185551102
1.85535495962361 0.959778060712095
1.86480788636835 0.957081170273747
1.87426081310995 0.954298755229619
1.8837137398484 0.951431064215733
1.89316666658371 0.948478353488356
1.90261959331587 0.945440886901104
1.91207252004489 0.942318935881358
1.92152544677076 0.939112779406016
1.93097837349349 0.935822703976558
1.94043130021307 0.932449003593448
1.94988422692951 0.928991979729861
1.9593371536428 0.925451941304743
1.96879008035294 0.921829204655206
1.97824300705995 0.91812409350826
1.9876959337638 0.914336938951886
1.99714886046451 0.910468079405451
2.00660178716208 0.906517860589462
2.0160547138565 0.902486635494679
2.02550764054778 0.898374764350565
2.03496056723591 0.894182614593103
2.0444134939209 0.889910560831957
2.05386642060274 0.885558984816998
2.06331934728144 0.881128275404191
2.07277227395699 0.876618828520849
2.0822252006294 0.87203104713025
2.09167812729866 0.86736534119563
2.10113105396478 0.862622127643548
2.11058398062775 0.857801830326628
2.12003690728757 0.85290487998569
2.12948983394426 0.847931714211249
2.13894276059779 0.842882777404422
2.14839568724819 0.837758520737209
2.15784861389543 0.832559402112181
2.16730154053953 0.827285886121558
2.17675446718049 0.821938444005698
2.1862073938183 0.816517553610981
2.19566032045297 0.811023699347115
2.20511324708449 0.805457372143844
2.21456617371287 0.799819069407083
2.2240191003381 0.794109294974465
2.23347202696019 0.788328559070325
2.24292495357913 0.782477378260097
2.25237788019493 0.776556275404163
2.26183080680758 0.770565779611126
2.27128373341709 0.764506426190528
2.28073666002345 0.758378756605018
2.29018958662666 0.752183318421963
2.29964251322674 0.745920665264521
2.30909543982366 0.739591356762169
2.31854836641744 0.733195958500691
2.32800129300808 0.726735041971643
2.33745421959557 0.72020918452128
2.34690714617992 0.713618969298965
2.35636007276112 0.706964985205062
2.36581299933918 0.700247826838309
2.37526592591409 0.693468094442686
2.38471885248586 0.686626393853776
2.39417177905448 0.67972333644463
2.40362470561996 0.672759539071132
2.41307763218229 0.665735624016879
2.42253055874148 0.658652218937573
2.43198348529752 0.651509956804935
2.44143641185042 0.644309475850141
2.45088933840017 0.637051419506789
2.46034226494677 0.629736436353405
2.46979519149024 0.622365180055484
2.47924811803055 0.61493830930708
2.48870104456773 0.607456487771943
2.49815397110175 0.599920384024216
2.50760689763263 0.592330671488691
2.51705982416037 0.584688028380631
2.52651275068496 0.576993137645166
2.53596567720641 0.569246686896264
2.54541860372471 0.561449368355287
2.55487153023987 0.553601878789135
2.56432445675188 0.545704919447979
2.57377738326075 0.537759196002602
2.58323030976647 0.52976541848134
2.59268323626905 0.521724301206628
2.60213616276848 0.513636562731179
2.61158908926477 0.505502925773762
2.62104201575791 0.497324117154631
2.63049494224791 0.48910086773057
2.63994786873476 0.480833912329583
2.64940079521847 0.472523989685236
2.65885372169903 0.464171842370638
2.66830664817645 0.455778216732088
2.67775957465072 0.447343862822379
2.68721250112184 0.438869534333777
2.69666542758983 0.430355988530668
2.70611835405466 0.42180398618189
2.71557128051636 0.413214291492753
2.7250242069749 0.404587672036745
2.73447713343031 0.395924898686947
2.74393005988256 0.387226745547144
2.75338298633167 0.378493989882654
2.76283591277764 0.369727412050868
2.77228883922046 0.360927795431524
2.78174176566014 0.352095926356695
2.79119469209667 0.343232594040533
2.80064761853006 0.334338590508735
2.8101005449603 0.325414710527776
2.8195534713874 0.316461751533884
2.82900639781135 0.30748051356178
2.83845932423216 0.298471799173194
2.84791225064982 0.28943641338514
2.85736517706434 0.280375163597985
2.86681810347571 0.2712888595233
2.87627102988394 0.262178313111499
2.88572395628902 0.253044338479291
2.89517688269096 0.243887751836923
2.90462980908975 0.234709371415251
2.9140827354854 0.225510017392616
2.9235356618779 0.216290511821558
2.93298858826726 0.207051678555356
2.94244151465347 0.197794343174408
2.95189444103654 0.188519332912459
2.96134736741646 0.179227476582676
2.97080029379323 0.169919604503589
2.98025322016687 0.160596548424894
2.98970614653735 0.151259141453124
2.9991590729047 0.141908217977208
3.00861199926889 0.132544613593905
3.01806492562995 0.12316916503314
3.02751785198785 0.11378271008323
3.03697077834262 0.104386087516023
3.04642370469423 0.0949801370119428
3.0558766310427 0.0855656990849552
3.06532955738803 0.0761436150074621
3.07478248373021 0.0667147267351236
3.08423541006925 0.0572798768316221
3.09368833640514 0.0478399083933702
3.10314126273789 0.0383956649741721
3.11259418906749 0.0289479905098439
3.12204711539395 0.0194977292427996
3.13150004171726 0.0100457256466094
3.14095296803743 0.000592824350538174
3.15040589435445 -0.00886012993593057
3.15985882066833 -0.018312292498578
3.16931174697906 -0.0277628186939331
3.17876467328665 -0.0372108640247502
3.18821759959109 -0.0466555842154729
3.19767052589239 -0.0560961352876784
3.20712345219054 -0.0655316736354953
3.21657637848555 -0.074961356100988
3.22602930477741 -0.0843843400495011
3.23548223106613 -0.0937997834449572
3.2449351573517 -0.103206844925101
3.25438808363413 -0.112604683876683
3.26384100991341 -0.121992460510578
3.27329393618955 -0.131369335936826
3.28274686246254 -0.140734472239597
3.29219978873239 -0.150087032552066
3.30165271499909 -0.159426181131198
3.31110564126265 -0.168751083432425
3.32055856752306 -0.178060906184224
3.33001149378033 -0.187354817462579
3.33946442003445 -0.19663198676532
3.34891734628543 -0.205891585086333
3.35837027253326 -0.215132784989647
3.36782319877795 -0.22435476068337
3.37727612501949 -0.233556688093478
3.38672905125789 -0.24273774493746
3.39618197749314 -0.251897110797795
3.40563490372525 -0.261033967195263
3.41508782995421 -0.270147497662085
3.42454075618003 -0.279236887814882
3.4339936824027 -0.288301325427451
3.44344660862223 -0.297340000503339
3.45289953483861 -0.306352105348233
3.46235246105185 -0.315336834642126
3.47180538726194 -0.324293385511287
3.48125831346889 -0.333220957600003
3.49071123967269 -0.3421187531421
3.50016416587335 -0.350985977032229
3.50961709207086 -0.359821836896919
3.51907001826523 -0.368625543165379
3.52852294445645 -0.377396309140061
3.53797587064453 -0.386133351066954
3.54742879682946 -0.394835888205619
3.55688172301125 -0.40350314289896
3.56633464918989 -0.412134340642714
3.57578757536539 -0.420728710154658
3.58524050153774 -0.429285483443533
3.59469342770695 -0.437803895877673
3.60414635387301 -0.446283186253328
3.61359928003593 -0.454722596862688
3.6230522061957 -0.463121373561591
3.63250513235233 -0.471478765836915
3.64195805850581 -0.479794026873639
3.65141098465615 -0.488066413621585
3.66086391080334 -0.496295186861808
3.67031683694739 -0.504479611272662
3.67976976308829 -0.512618955495501
3.68922268922605 -0.520712492200037
3.69867561536066 -0.528759498149333
3.70812854149213 -0.53675925426443
3.71758146762045 -0.544711045688605
3.72703439374563 -0.552614161851251
3.73648731986766 -0.560467896531374
3.74594024598655 -0.568271547920697
3.75539317210229 -0.576024418686377
3.76484609821489 -0.583725816033318
3.77429902432434 -0.59137505176608
3.78375195043065 -0.598971442350371
3.79320487653381 -0.606514308974135
3.80265780263383 -0.614002977608203
3.8121107287307 -0.62143677906653
3.82156365482443 -0.628815049065992
3.83101658091501 -0.636137128285742
3.84046950700245 -0.643402362426133
3.84992243308674 -0.650610102267181
3.85937535916789 -0.657759703726583
3.86882828524589 -0.66485052791727
3.87828121132075 -0.671881941204498
3.88773413739246 -0.678853315262469
3.89718706346103 -0.685764027130479
3.90663998952645 -0.692613459268588
3.91609291558873 -0.699400999612796
3.92554584164786 -0.706126041629745
3.93499876770385 -0.712787984370915
3.94445169375669 -0.719386232526323
3.95390461980639 -0.725920196477724
3.96335754585294 -0.732389292351295
3.97281047189635 -0.738792942069813
3.98226339793662 -0.74513057340431
3.99171632397373 -0.751401620025208
4.00116925000771 -0.757605521552925
4.01062217603853 -0.763741723607954
4.02007510206622 -0.769809677860397
4.02952802809075 -0.775808842078967
4.03898095411215 -0.781738680179441
4.04843388013039 -0.787598662272565
4.0578868061455 -0.793388264711403
4.06733973215745 -0.799106970138131
4.07679265816627 -0.804754267530271
4.08624558417193 -0.810329652246348
4.09569851017446 -0.815832626070995
4.10515143617384 -0.821262697259463
4.11460436217007 -0.826619380581572
4.12405728816316 -0.831902197365066
4.1335102141531 -0.837110675538388
4.1429631401399 -0.842244349672866
4.15241606612355 -0.847302761024299
4.16186899210406 -0.852285457573958
4.17132191808142 -0.857191994068971
4.18077484405564 -0.862021932062114
4.19022777002671 -0.866774839950991
4.19968069599464 -0.871450293016598
4.20913362195942 -0.876047873461284
4.21858654792106 -0.880567170446075
4.22803947387955 -0.885007780127395
4.2374923998349 -0.889369305693149
4.2469453257871 -0.893651357398181
4.25639825173616 -0.897853552599107
4.26585117768207 -0.901975515788503
4.27530410362484 -0.90601687862846
4.28475702956446 -0.909977279983504
4.29420995550094 -0.91385636595286
4.30366288143428 -0.917653789902083
4.31311580736446 -0.921369212494027
4.32256873329151 -0.925002301719173
4.33202165921541 -0.928552732925295
4.34147458513616 -0.932020188846471
4.35092751105377 -0.935404359631436
4.36038043696823 -0.938704942871265
4.36983336287955 -0.941921643626403
4.37928628878772 -0.945054174453015
4.38873921469275 -0.948102255428675
4.39819214059463 -0.95106561417738
4.40764506649337 -0.953943985893887
4.41709799238896 -0.956737113367379
4.42655091828141 -0.959444747004446
4.43600384417071 -0.962066644851391
4.44545677005687 -0.964602572615852
4.45490969593988 -0.967052303687734
4.46436262181975 -0.969415619159463
4.47381554769647 -0.971692307845547
4.48326847357005 -0.973882166301444
4.49272139944048 -0.975984998841745
4.50217432530777 -0.978000617557662
4.51162725117192 -0.979928842333814
4.52108017703291 -0.981769500864327
4.53053310289077 -0.983522428668228
4.53998602874548 -0.985187469104148
4.54943895459704 -0.986764473384311
4.55889188044546 -0.988253300587837
4.56834480629073 -0.989653817673333
4.57779773213286 -0.990965899490779
4.58725065797184 -0.992189428792714
4.59670358380768 -0.993324296244713
4.60615650964037 -0.994370400435154
4.61560943546992 -0.995327647884285
4.62506236129632 -0.996195953052574
4.63451528711958 -0.996975238348353
4.64396821293969 -0.997665434134753
4.65342113875666 -0.998266478735926
4.66287406457048 -0.998778318442557
4.67232699038116 -0.99920090751666
4.6817799161887 -0.99953420819567
4.69123284199308 -0.999778190695817
4.70068576779433 -0.999932833214781
4.71013869359242 -0.99999812193365
4.71959161938738 -0.999974051018147
4.72904454517919 -0.999860622619155
4.73849747096785 -0.999657846872525
4.74795039675337 -0.999365741898167
4.75740332253574 -0.998984333798435
4.76685624831497 -0.998513656655793
4.77630917409105 -0.997953752529767
4.78576209986399 -0.997304671453191
4.79521502563378 -0.996566471427731
4.80466795140043 -0.995739218418707
4.81412087716393 -0.994822986349194
4.82357380292429 -0.99381785709342
4.8330267286815 -0.992723920469447
4.84247965443557 -0.991541274231146
4.8519325801865 -0.990270024059461
4.86138550593428 -0.988910283552967
4.87083843167891 -0.987462174217718
4.8802913574204 -0.985925825456386
4.88974428315874 -0.984301374556705
4.89919720889394 -0.982588966679195
4.90865013462599 -0.980788754844197
4.9181030603549 -0.978900899918194
4.92755598608066 -0.976925570599438
4.93700891180328 -0.974862943402878
4.94646183752275 -0.972713202644383
4.95591476323908 -0.97047654042427
4.96536768895227 -0.968153156610143
4.9748206146623 -0.965743258819032
4.9842735403692 -0.963247062398834
4.99372646607294 -0.960664790409079
5.00317939177355 -0.957996673600991
5.01263231747101 -0.955242950396869
5.02208524316532 -0.952403866868785
5.03153816885649 -0.949479676716589
5.04099109454451 -0.946470641245244
5.05044402022939 -0.943377029341476
5.05989694591112 -0.940199117449741
5.06934987158971 -0.936937189547526
5.07880279726516 -0.933591537119973
5.08825572293745 -0.930162459133829
5.09770864860661 -0.926650262010734
5.10716157427262 -0.923055259599837
5.11661449993548 -0.919377773149752
5.1260674255952 -0.915618131279848
5.13552035125177 -0.911776669950889
5.1449732769052 -0.907853732435007
5.15442620255548 -0.90384966928503
5.16387912820262 -0.899764838303159
5.17333205384661 -0.89559960450899
5.18278497948746 -0.891354340106899
5.19223790512516 -0.88702942445278
5.20169083075972 -0.882625244020151
5.21114375639114 -0.878142192365609
5.22059668201941 -0.873580670093673
5.23004960764453 -0.868941084820977
5.23950253326651 -0.864223851139852
5.24895545888534 -0.859429390581273
5.25840838450103 -0.854558131577194
5.26786131011357 -0.849610509422265
5.27731423572297 -0.844586966234927
5.28676716132923 -0.839487950917916
5.29622008693233 -0.834313919118136
5.3056730125323 -0.829065333185952
5.31512593812912 -0.823742662133873
5.32457886372279 -0.818346381594637
5.33403178931332 -0.812876973778711
5.3434847149007 -0.807334927431202
5.35293764048494 -0.801720737788182
5.36239056606603 -0.796034906532433
5.37184349164398 -0.790277941748616
5.38129641721878 -0.784450357877872
5.39074934279044 -0.778552675671848
5.40020226835896 -0.772585422146165
5.40965519392433 -0.766549130533323
5.41910811948655 -0.760444340235052
5.42856104504563 -0.75427159677411
5.43801397060156 -0.748031451745537
5.44746689615435 -0.741724462767363
5.45691982170399 -0.73535119343078
5.46637274725049 -0.728912213249781
5.47582567279385 -0.722408097610264
5.48527859833405 -0.715839427718622
5.49473152387112 -0.709206790549801
5.50418444940504 -0.702510778794851
5.51363737493581 -0.69575199080796
5.52309030046344 -0.688931030552992
5.53254322598792 -0.682048507549509
5.54199615150926 -0.675105036818308
5.55144907702745 -0.668101238826465
5.5609020025425 -0.661037739431886
5.5703549280544 -0.653915169827383
5.57980785356316 -0.64673416648427
5.58926077906878 -0.63949537109549
5.59871370457125 -0.632199430518268
5.60816663007057 -0.624846996716316
5.61761955556675 -0.617438726701565
5.62707248105978 -0.609975282475463
5.63652540654967 -0.60245733096981
5.64597833203642 -0.59488554398717
5.65543125752001 -0.587260598140832
5.66488418300047 -0.579583174794351
5.67433710847778 -0.571853960000661
5.68379003395194 -0.564073644440769
5.69324295942296 -0.556242923362037
5.70269588489083 -0.548362496516053
5.71214881035556 -0.540433068096105
5.72160173581714 -0.532455346674248
5.73105466127558 -0.524430045137994
5.74050758673088 -0.516357880626601
5.74996051218302 -0.508239574466996
5.75941343763203 -0.500075852109313
5.76886636307789 -0.491867443062069
5.7783192885206 -0.483615080826974
5.78777221396017 -0.475319502833386
5.79722513939659 -0.466981450372416
5.80667806482987 -0.458601668530684
5.81613099026001 -0.450180906123739
5.825583915687 -0.441719915629146
5.83503684111084 -0.433219453119243
5.84448976653154 -0.42468027819358
5.85394269194909 -0.41610315391104
5.8633956173635 -0.407488846721654
5.87284854277476 -0.39883812639811
5.88230146818288 -0.390151765966967
5.89175439358786 -0.381430541639575
5.90120731898969 -0.372675232742716
5.91066024438837 -0.363886621648964
5.92011316978391 -0.355065493706768
5.9295660951763 -0.346212637170277
5.93901902056555 -0.337328843128903
5.94847194595166 -0.328414905436625
5.95792487133462 -0.319471620641053
5.96737779671443 -0.310499787912249
5.9768307220911 -0.301500208971313
5.98628364746462 -0.292473688018739
5.995736572835 -0.283421031662558
6.00518949820224 -0.274343048846251
6.01464242356632 -0.265240550776469
6.02409534892727 -0.256114350850541
6.03354827428507 -0.246965264583789
6.04300119963972 -0.237794109536655
6.05245412499123 -0.22860170524164
6.06190705033959 -0.219388873130078
6.07135997568481 -0.210156436458724
6.08081290102689 -0.200905220236197
6.09026582636581 -0.191636051149251
6.0997187517016 -0.182349757488904
6.10917167703424 -0.173047169076424
6.11862460236373 -0.163729117189173
6.12807752769008 -0.154396434486329
6.13753045301329 -0.145049954934476
6.14698337833334 -0.135690513733079
6.15643630365026 -0.126318947239858
6.16588922896403 -0.116936092896043
6.17534215427465 -0.107542789151548
6.18479507958213 -0.09813987539004
6.19424800488647 -0.0887281918539377
6.20370093018765 -0.0793085795693244
6.2131538554857 -0.0698818802707954
6.2226067807806 -0.0604489363262401
6.23205970607235 -0.0510105906615685
6.24151263136096 -0.0415676866853876
6.25096555664642 -0.0321210682136344
6.26041848192874 -0.0226715793941726
6.26987140720792 -0.0132200646313601
6.27932433248395 -0.0037673685105928
6.28877725775683 0.00568566427716725
6.29823018302657 0.0151381890108731
6.30768310829316 0.0245893610148773
6.31713603355661 0.0340383357344115
6.32658895881692 0.0434842688110563
6.33604188407408 0.0529263161581922
6.34549480932809 0.0623636340364277
6.35494773457896 0.0717953791289953
6.36440065982668 0.0812207086171101
6.37385358507126 0.0906387802552841
6.3833065103127 0.100048752446589
6.39275943555099 0.109449784317861
6.40221236078613 0.118841035794841
6.41166528601813 0.128221667677244
6.42111821124698 0.13759084171375
6.43057113647269 0.146947720676908
6.44002406169526 0.156291468437952
6.44947698691468 0.165621250041519
6.45892991213095 0.174936231780257
6.46838283734408 0.184235581269327
6.47783576255406 0.193518467520785
6.4872886877609 0.202784061017837
6.4967416129646 0.212031533788966
6.50619453816515 0.221260059481919
6.51564746336255 0.230468813437551
6.52510038855681 0.239656972763513
6.53455331374793 0.248823716407788
6.5440062389359 0.257968225232061
6.55345916412072 0.267089682084915
6.5629120893024 0.27618727187485
6.57236501448093 0.285260181643124
6.58181793965632 0.294307600636396
6.59127086482857 0.303328720379174
6.60072378999767 0.312322734746061
6.61017671516362 0.321288840033793
6.61962964032643 0.330226235033051
6.62908256548609 0.339134121100065
6.63853549064261 0.348011702227975
6.64798841579599 0.356858185117963
6.65744134094622 0.365672779250145
6.6668942660933 0.374454696954207
6.67634719123724 0.383203153479796
6.68580011637804 0.391917367066639
6.69525304151569 0.400596559014409
6.70470596665019 0.409239953752301
6.71415889178155 0.417846778908344
6.72361181690976 0.426416265378415
6.73306474203483 0.434947647394969
6.74251766715676 0.443440162595465
6.75197059227554 0.451893052090495
6.76142351739117 0.460305560531592
6.77087644250366 0.468676936178735
6.780329367613 0.477006430967517
6.7897822927192 0.485293300575998
6.79923521782226 0.493536804491213
6.80868814292217 0.501736206075348
6.81814106801893 0.509890772631562
6.82759399311255 0.517999775469463
6.83704691820303 0.526062489970224
6.84649984329036 0.534078195651331
6.85595276837454 0.542046176230972
6.86540569345558 0.549965719692036
6.87485861853348 0.557836118345744
6.88431154360823 0.565656668894887
6.89376446867983 0.573426672496672
6.90321739374829 0.581145434825168
6.9126703188136 0.588812266133355
6.92212324387577 0.596426481314757
6.9315761689348 0.603987399964665
6.94102909399068 0.611494346440936
6.95048201904341 0.618946649924368
6.959934944093 0.626343644478644
6.96938786913945 0.633684669109845
6.97884079418275 0.640969067825508
6.9882937192229 0.648196189693252
6.99774664425991 0.655365388898941
7.00719956929377 0.662476024804398
7.01665249432449 0.669527462004649
7.02610541935207 0.676519070384701
7.0355583443765 0.683450225175855
7.04501126939778 0.690320307011529
7.05446419441592 0.69712870198261
7.06391711943092 0.703874801692307
7.07337004444277 0.710558003310521
7.08282296945147 0.717177709627714
7.09227589445703 0.723733329108274
7.10172881945945 0.730224275943373
7.11118174445872 0.73664997010332
7.12063466945484 0.743009837389385
7.13008759444782 0.749303309485118
7.13954051943766 0.755529824007124
7.14899344442435 0.761688824555325
7.15844636940789 0.767779760762677
7.16789929438829 0.773802088344351
7.17735221936554 0.77975526914637
7.18680514433965 0.785638771193696
7.19625806931062 0.791452068737772
7.20571099427844 0.7971946423035
7.21516391924311 0.802865978735661
7.22461684420464 0.808465571244771
7.23406976916303 0.813992919452367
7.24352269411827 0.819447529435722
7.25297561907036 0.82482891377198
7.26242854401931 0.830136591581714
7.27188146896512 0.835370088571895
7.28133439390778 0.840528937078278
7.29078731884729 0.845612676107188
7.30024024378366 0.85062085137672
7.30969316871689 0.855553015357326
7.31914609364697 0.860408727311815
7.3285990185739 0.865187553334727
7.33805194349769 0.869889066391118
7.34750486841834 0.87451284635471
7.35695779333583 0.879058480045439
7.36641071825019 0.883525561266374
7.3758636431614 0.887913690840018
7.38531656806947 0.892222476643973
7.39476949297439 0.896451533645986
7.40422241787616 0.90060048393835
7.41367534277479 0.904668956771679
7.42312826767028 0.908656588588032
7.43258119256262 0.912563023053407
7.44203411745181 0.916387911089578
7.45148704233786 0.92013091090529
7.46093996722077 0.923791688026802
7.47039289210053 0.927369915327777
7.47984581697714 0.930865273058509
7.48929874185061 0.934277448874502
7.49875166672094 0.937606137864374
7.50820459158812 0.940851042577112
7.51765751645215 0.944011873048645
7.52711044131304 0.947088346827759
7.53656336617078 0.950080189001335
7.54601629102538 0.952987132218918
7.55546921587684 0.955808916716602
7.56492214072515 0.958545290340249
7.57437506557032 0.961196008568017
7.58382799041234 0.963760834532211
7.59328091525121 0.966239539040451
7.60273384008694 0.96863190059615
7.61218676491953 0.97093770541831
7.62163968974897 0.973156747460625
7.63109261457526 0.975288828429889
7.64054553939841 0.977333757803722
7.64999846421842 0.979291352847589
7.65945138903528 0.981161438631134
7.66890431384899 0.982943848043807
7.67835723865956 0.984638421809802
7.68781016346699 0.986245008502287
7.69726308827127 0.987763464556933
7.7067160130724 0.989193654284749
7.71616893787039 0.990535449884203
7.72562186266524 0.991788731452641
7.73507478745694 0.992953386997007
7.74452771224549 0.994029312443844
7.7539806370309 0.9950164116486
7.76343356181317 0.995914596404215
7.77288648659229 0.996723786449005
7.78233941136827 0.997443909473835
7.7917923361411 0.998074901128578
7.80124526091078 0.998616705027868
7.81069818567732 0.999069272756137
7.82015111044072 0.999432563871943
7.82960403520097 0.999706545911582
7.83905695995807 0.999891194391987
7.84850988471203 0.999986492812923
7.85796280946285 0.999992432658454
7.86741573421052 0.999909013397707
7.87686865895504 0.99973624248492
7.88632158369642 0.999474135358776
7.89577450843466 0.99912271544102
7.90522743316975 0.998682014134372
7.91468035790169 0.998152070819714
7.9241332826305 0.997532932852576
7.93358620735615 0.996824655558904
7.94303913207866 0.996027302230113
7.95249205679803 0.995140944117434
7.96194498151425 0.994165660425546
7.97139790622732 0.993101538305498
7.98085083093725 0.991948672846921
7.99030375564404 0.990707167069533
7.99975668034768 0.98937713191393
8.00920960504818 0.987958686231675
8.01866252974553 0.986451956774677
8.02811545443973 0.984857078183862
8.03756837913079 0.983174192977145
8.04702130381871 0.981403451536691
8.05647422850348 0.979545012095481
8.0659271531851 0.97759904072317
8.07538007786358 0.975565711311246
8.08483300253892 0.973445205557493
8.09428592721111 0.971237712949754
8.10373885188016 0.968943430748998
8.11319177654606 0.966562563971693
8.12264470120881 0.964095325371488
8.13209762586842 0.961541935420195
8.14155055052489 0.958902622288096
8.15100347517821 0.956177621823547
8.16045639982838 0.953367177531907
8.16990932447541 0.950471540553776
8.1793622491193 0.947490969642553
8.18881517376004 0.944425731141316
8.19826809839764 0.94127609895902
8.20772102303209 0.938042354546021
8.21717394766339 0.934724786868925
8.22662687229155 0.931323692384767
8.23607979691657 0.927839375014519
8.24553272153844 0.924272146115932
8.25498564615717 0.920622324455714
8.26443857077275 0.916890236181042
8.27389149538518 0.913076214790421
8.28334441999447 0.909180601103882
8.29279734460062 0.905203743232524
8.30225026920362 0.90114599654741
8.31170319380347 0.897007723647809
8.32115611840018 0.892789294328795
8.33060904299375 0.888491085548203
8.34006196758417 0.88411348139294
8.34951489217145 0.879656873044672
8.35896781675558 0.875121658744856
8.36842074133656 0.870508243759165
8.37787366591441 0.865817040341264
8.3873265904891 0.861048467695979
8.39677951506065 0.856202951941829
8.40623243962906 0.851280926072957
8.41568536419432 0.84628282992043
8.42513828875643 0.841209110112939
8.43459121331541 0.83606022003689
8.44404413787123 0.830836619795885
8.45349706242391 0.825538776169613
8.46294998697345 0.820167162572135
8.47240291151984 0.814722259009577
8.48185583606308 0.809204552037245
8.49130876060318 0.803614534716139
8.50076168514014 0.797952706568897
8.51021460967395 0.792219573535156
8.51966753420462 0.786415647926341
8.52912045873214 0.78054144837989
8.53857338325651 0.774597499812899
8.54802630777774 0.768584333375226
8.55747923229583 0.762502486402021
8.56693215681077 0.75635250236571
8.57638508132257 0.750134930827434
8.58583800583122 0.743850327387938
8.59529093033673 0.737499253637923
8.60474385483909 0.731082277107861
8.6141967793383 0.724599971217285
8.62364970383437 0.718052915223543
8.6331026283273 0.711441694170037
8.64255555281708 0.704766898833947
8.65200847730372 0.698029125673437
8.66146140178721 0.691228976774354
8.67091432626755 0.684367059796427
8.68036725074475 0.67744398791897
8.68982017521881 0.670460379786081
8.69927309968972 0.663416859451369
8.70872602415749 0.656314056322181
8.71817894862211 0.649152605103363
8.72763187308358 0.641933145740541
8.73708479754191 0.634656323362935
8.7465377219971 0.627322788225714
8.75599064644914 0.619933195651885
8.76544357089804 0.612488205973735
8.77489649534379 0.604988484473824
8.78434941978639 0.597434701325538
8.79380234422586 0.589827531533196
8.80325526866217 0.58216765487174
8.81270819309534 0.574455755825984
8.82216111752537 0.56669252352945
8.83161404195225 0.55887865170279
8.84106696637599 0.551014838591792
8.85051989079658 0.543101786904988
8.85997281521402 0.535140203750856
8.86942573962832 0.527130800574637
8.87887866403948 0.519074293094758
8.88833158844749 0.510971401238876
8.89778451285236 0.502822849079546
8.90723743725408 0.494629364769519
8.91669036165266 0.48639168047667
8.92614328604809 0.478110532318579
8.93559621044037 0.469786660296744
8.94504913482952 0.461420808230459
8.95450205921551 0.453013723690347
8.96395498359836 0.444566157931555
8.97340790797807 0.436078865826621
8.98286083235463 0.427552605798024
8.99231375672805 0.418988139750406
9.00176668109832 0.410386233002491
9.01121960546544 0.401747654218695
9.02067252982942 0.393073175340442
9.03012545419026 0.384363571517177
9.03957837854795 0.375619621037104
9.0490313029025 0.366842105257638
9.0584842272539 0.35803180853558
9.06793715160216 0.34918951815703
9.07739007594727 0.340316024267033
9.08684300028924 0.331412119798974
9.09629592462806 0.322478600403722
9.10574884896373 0.313516264378526
9.11520177329627 0.304525912595686
9.12465469762565 0.295508348430983
9.13410762195189 0.286464377691889
9.14356054627499 0.277394808545565
9.15301347059494 0.268300451446638
9.16246639491175 0.259182119064781
9.17191931922541 0.250040626212094
9.18137224353592 0.240876789770291
9.1908251678433 0.231691428617706
9.20027809214752 0.222485363556114
9.2097310164486 0.213259417237388
9.21918394074654 0.204014414089988
9.22863686504133 0.194751180245284
9.23808978933298 0.185470543463742
9.24754271362148 0.176173333060946
9.25699563790684 0.166860379833499
9.26644856218905 0.157532515984778
9.27590148646811 0.14819057505057
9.28535441074404 0.138835391824588
9.29480733501681 0.129467802283872
9.30426025928644 0.120088643514091
9.31371318355293 0.110698753634735
9.32316610781627 0.101298971724223
9.33261903207647 0.091890137744928
9.34207195633352 0.0824730924681104
9.35152488058743 0.073048677398792
9.36097780483819 0.0636177347005579
9.3704307290858 0.0541811071203006
9.37988365333028 0.0447396379129129
9.3893365775716 0.0352941707659344
9.39878950180979 0.02584554972416
9.40824242604482 0.0163946191142163
9.41769535027671 0.00694222346911256
9.42714827450546 -0.00251079254722646
9.43660119873106 -0.0119635842154395
9.44605412295352 -0.0214153068362125
9.45550704717283 -0.0308651158057614
9.464959971389 -0.0403121666913048
9.47441289560202 -0.0497556153065232
9.4838658198119 -0.0591946177869945
9.49331874401863 -0.0686283306656023
9.50277166822221 -0.0780559109479071
9.51222459242266 -0.087476516187477
9.52167751661995 -0.0968893045611676
9.5311304408141 -0.106293434944348
9.54058336500511 -0.115688066986062
9.55003628919297 -0.125072361184125
9.55948921337769 -0.134445478960138
9.56894213755926 -0.143806582734423
9.57839506173769 -0.153154836000872
9.58784798591297 -0.162489403401695
9.59730091008511 -0.171809450802068
9.6067538342541 -0.181114145364668
9.61620675841995 -0.190402655624101
9.62565968258265 -0.199674151561196
9.63511260674221 -0.20892780467718
9.64456553089862 -0.218162788067708
9.65401845505188 -0.227378276496758
9.66347137920201 -0.236573446470373
9.67292430334898 -0.245747476310249
9.68237722749281 -0.254899546227157
9.6918301516335 -0.264028838394203
9.70128307577104 -0.273134537019909
9.71073599990544 -0.282215828421107
9.72018892403669 -0.291271901095653
9.7296418481648 -0.300301945794946
9.73909477228976 -0.309305155596233
9.74854769641158 -0.318280725974726
9.75800062053025 -0.327227854875487
9.76745354464578 -0.336145742785102
9.77690646875816 -0.345033592803124
9.7863593928674 -0.353890610713287
9.79581231697349 -0.362716005054473
9.80526524107644 -0.371508987191439
9.81471816517624 -0.38026877138529
9.82417108927289 -0.388994574863689
9.83362401336641 -0.397685617890809
9.84307693745677 -0.40634112383701
9.852529861544 -0.414960319248235
9.86198278562807 -0.423542433915129
9.871435709709 -0.432086700941862
9.88088863378679 -0.440592356814663
9.89034155786143 -0.449058641470042
9.89979448193293 -0.457484798362712
9.90924740600128 -0.465870074533194
9.91870033006649 -0.474213720675102
9.92815325412855 -0.482514991202096
9.93760617818747 -0.490773144314515
9.94705910224324 -0.498987442065656
9.95651202629587 -0.507157150427724
9.96596495034535 -0.51528153935742
9.97541787439169 -0.523359882861179
9.98487079843488 -0.531391459060043
9.99432372247493 -0.539375550254171
10.0037766465118 -0.54731144298697
10.0132295705456 -0.555198428108852
10.0226824945762 -0.563035800840598
10.0321354186037 -0.570822860836344
10.041588342628 -0.578558912246158
10.0510412666492 -0.586243263778223
10.0604941906672 -0.593875228760614
10.0699471146821 -0.601454125202652
10.0794000386938 -0.608979275855852
10.0888529627024 -0.61645000827444
10.0983058867079 -0.623865654875443
10.1077588107102 -0.631225552998342
10.1172117347093 -0.638529044964291
10.1266646587054 -0.645775478134884
10.1361175826982 -0.652964204970474
10.145570506688 -0.660094583088041
10.1550234306745 -0.667165975318592
10.164476354658 -0.674177749764098
10.1739292786383 -0.681129279853962
10.1833822026154 -0.688019944401007
10.1928351265894 -0.69484912765699
10.2022880505603 -0.701616219367618
10.211740974528 -0.708320614827086
10.2211938984926 -0.714961714932111
10.230646822454 -0.721538926235466
10.2400997464123 -0.728051660999015
10.2495526703674 -0.734499337246229
10.2590055943194 -0.740881378814194
10.2684585182682 -0.747197215405093
10.2779114422139 -0.753446282637172
10.2873643661565 -0.75962802209517
10.2968172900959 -0.765741881380223
10.3062702140321 -0.771787314159219
10.3157231379653 -0.777763780213626
10.3251760618952 -0.783670745487759
10.3346289858221 -0.78950768213651
10.3440819097457 -0.79527406857251
10.3535348336663 -0.800969389512741
10.3629877575837 -0.80659313602458
10.3724406814979 -0.812144805571281
10.381893605409 -0.817623902056875
10.391346529317 -0.823029935870506
10.4007994532218 -0.828362423930183
10.4102523771235 -0.833620889725944
10.419705301022 -0.838804863362439
10.4291582249174 -0.843913881600922
10.4386111488096 -0.848947487900641
10.4480640726987 -0.853905232459639
10.4575169965846 -0.858786672254944
10.4669699204674 -0.863591371082164
10.4764228443471 -0.868318899594457
10.4858757682236 -0.872968835340904
10.4953286920969 -0.877540762804259
10.5047816159672 -0.882034273438076
10.5142345398342 -0.886448965703217
10.5236874636982 -0.890784445103738
10.5331403875589 -0.895040324222136
10.5425933114166 -0.89921622275397
10.5520462352711 -0.903311767541847
10.5614991591224 -0.907326592608765
10.5709520829706 -0.911260339190817
10.5804050068157 -0.915112655769249
10.5898579306576 -0.918883198101875
10.5993108544964 -0.922571629253835
10.608763778332 -0.926177619627705
10.6182167021645 -0.929700846992951
10.6276696259938 -0.933140996514718
10.63712254982 -0.936497760781973
10.646575473643 -0.939770839834964
10.6560283974629 -0.942959941192034
10.6654813212797 -0.946064779875751
10.6749342450933 -0.949085078438377
10.6843871689038 -0.952020566986658
10.6938400927111 -0.954870983205943
10.7032930165152 -0.957636072383625
10.7127459403163 -0.960315587431901
10.7221988641142 -0.962909288909851
10.7316517879089 -0.965416945044837
10.7411047117005 -0.967838331753211
10.7505576354889 -0.970173232660342
10.7600105592742 -0.972421439119947
10.7694634830564 -0.974582750232743
10.7789164068354 -0.97665697286439
10.7883693306113 -0.978643921662756
10.797822254384 -0.98054341907448
10.8072751781536 -0.982355295360831
10.81672810192 -0.984079388612887
10.8261810256833 -0.985715544765994
10.8356339494434 -0.987263617613536
10.8450868732004 -0.988723468820001
10.8545397969543 -0.990094967933343
10.863992720705 -0.991377992396636
10.8734456444526 -0.992572427559031
10.882898568197 -0.993678166685994
10.8923514919383 -0.99469511096885
10.9018044156764 -0.99562316953361
10.9112573394114 -0.996462259449092
10.9207102631432 -0.99721230573433
10.9301631868719 -0.997873241365278
10.9396161105974 -0.998445007280795
10.9490690343199 -0.998927552387924
10.9585219580391 -0.999320833566462
10.9679748817552 -0.999624815672805
10.9774278054682 -0.999839471543095
10.986880729178 -0.999964781995646
10.9963336528847 -1.00000073583266
11.0057865765882 -0.999947329841211
11.0152395002886 -0.999804568793566
11.0246924239859 -0.999572465446727
11.03414534768 -0.999251040541304
11.0435982713709 -0.998840322799661
11.0530511950587 -0.998340348923349
11.0625041187434 -0.997751163589826
11.0719570424249 -0.997072819448463
11.0814099661033 -0.996305377115844
11.0908628897785 -0.995448905170343
11.1003158134506 -0.994503480146002
11.1097687371195 -0.993469186525686
11.1192216607853 -0.992346116733539
11.128674584448 -0.991134371126722
11.1381275081075 -0.989834057986444
11.1475804317638 -0.988445293508291
11.157033355417 -0.986968201791836
11.1664862790671 -0.985402914829556
11.175939202714 -0.983749572495032
11.1853921263578 -0.982008322530453
11.1948450499984 -0.980179320533414
11.2042979736359 -0.978262729943009
11.2137508972703 -0.976258722025228
11.2232038209015 -0.974167475857654
11.2326567445295 -0.971989178313458
11.2421096681544 -0.969724024044702
11.2515625917762 -0.967372215464943
11.2610155153948 -0.964933962731149
11.2704684390103 -0.962409483724914
11.2799213626226 -0.959799004032993
11.2893742862318 -0.957102756927142
11.2988272098378 -0.954320983343272
11.3082801334407 -0.951453931859919
11.3177330570405 -0.948501858676034
11.3271859806371 -0.945465027588085
11.3366389042305 -0.942343709966486
11.3460918278209 -0.939138184731349
11.355544751408 -0.935848738327557
11.3649976749921 -0.93247566469917
11.3744505985729 -0.929019265263154
11.3839035221507 -0.925479848882453
11.3933564457253 -0.921857731838383
11.4028093692967 -0.918153237802372
11.412262292865 -0.914366697807037
11.4217152164301 -0.910498450216601
11.4311681399922 -0.90654884069666
11.440621063551 -0.902518222183291
11.4500739871067 -0.898406954851517
11.4595269106593 -0.894215406083118
11.4689798342087 -0.889943950433806
11.478432757755 -0.885592969599752
11.4878856812982 -0.881162852383478
11.4973386048382 -0.876653994659115
11.506791528375 -0.872066799337027
11.5162444519087 -0.867401676327807
11.5256973754393 -0.862659042505647
11.5351502989667 -0.857839321671087
11.544603222491 -0.852942944513144
11.5540561460121 -0.847970348570826
11.5635090695301 -0.842921978194033
11.5729619930449 -0.837798284503851
11.5824149165566 -0.832599725352238
11.5918678400651 -0.827326765281114
11.6013207635705 -0.821979875480845
11.6107736870728 -0.816559533748141
11.6202266105719 -0.811066224443359
11.6296795340678 -0.805500438447222
11.6391324575607 -0.79986267311695
11.6485853810503 -0.794153432241822
11.6580383045369 -0.788373225998153
11.6674912280203 -0.782522570903706
11.6769441515005 -0.776601989771538
11.6863970749776 -0.77061201166328
11.6958499984515 -0.764553171841858
11.7053029219223 -0.758426011723667
11.71475584539 -0.752231078830184
11.7242087688545 -0.74596892673905
11.7336616923159 -0.739640115034592
11.7431146157741 -0.733245209257827
11.7525675392292 -0.726784780855924
11.7620204626811 -0.720259407131133
11.7714733861299 -0.713669671189209
11.7809263095756 -0.707016161887294
11.7903792330181 -0.700299473781305
11.7998321564574 -0.693520207072801
11.8092850798936 -0.686678967555349
11.8187380033267 -0.679776366560395
11.8281909267566 -0.672813020902627
11.8376438501834 -0.665789552824865
11.847096773607 -0.658706589942452
11.8565496970275 -0.651564765187175
11.8660026204448 -0.644364716750702
11.875455543859 -0.637107088027555
11.8849084672701 -0.629792527557618
11.894361390678 -0.622421688968181
11.9038143140827 -0.614995230915535
11.9132672374843 -0.60751381702611
11.9227201608828 -0.59997811583718
11.9321730842781 -0.592388800737117
11.9416260076703 -0.584746549905219
11.9510789310594 -0.57705204625111
11.9605318544452 -0.569305977353712
11.969984777828 -0.561509035399806
11.9794377012076 -0.553661917122176
11.988890624584 -0.545765323737352
11.9983435479573 -0.537819960882946
12.0077964713275 -0.529826538554599
12.0172493946945 -0.521785771042536
12.0267023180584 -0.513698376867735
12.0361552414191 -0.505565078717722
12.0456081647767 -0.49738660338199
12.0550610881312 -0.489163681687057
12.0645140114825 -0.480897048431156
12.0739669348306 -0.472587442318573
12.0834198581756 -0.464235605893641
12.0928727815175 -0.455842285474381
12.1023257048562 -0.447408231085816
12.1117786281918 -0.438934196392946
12.1212315515242 -0.430420938633401
12.1306844748535 -0.421869218549776
12.1401373981796 -0.413279800321649
12.1495903215026 -0.404653451497296
12.1590432448224 -0.395990942925101
12.1684961681391 -0.387293048684677
12.1779490914527 -0.378560546017689
12.1874020147631 -0.369794215258405
12.1968549380704 -0.360994839763963
12.2063078613745 -0.352163205844369
12.2157607846754 -0.343300102692236
12.2252137079733 -0.33440632231226
12.234666631268 -0.325482659450446
12.2441195545595 -0.316529911523091
12.2535724778479 -0.307548878545526
12.2630254011331 -0.29854036306063
12.2724783244152 -0.289505170067108
12.2819312476942 -0.280444106947564
12.29138417097 -0.271357983396351
12.3008370942427 -0.262247611347213
12.3102900175122 -0.253113804900737
12.3197429407786 -0.243957380251601
12.3291958640418 -0.23477915561564
12.3386487873019 -0.225579951156733
12.3481017105589 -0.216360588913508
12.3575546338127 -0.207121892725891
12.3670075570633 -0.197864688161481
12.3764604803108 -0.188589802441784
12.3859134035552 -0.179298064368291
12.3953663267964 -0.169990304248412
12.4048192500345 -0.160667353821286
12.4142721732694 -0.151330046183454
12.4237250965012 -0.141979215714413
12.4331780197298 -0.132615698002058
12.4426309429553 -0.123240329768014
12.4520838661777 -0.113853948792864
12.4615367893969 -0.104457393841289
12.470989712613 -0.0950515045871123
12.4804426358259 -0.085637121538271
12.4898955590356 -0.076215085961704
12.4993484822423 -0.066786239808179
12.5088014054457 -0.0573514256370555
12.5182543286461 -0.0479114865409938
12.5277072518433 -0.0384672660706165
12.5371601750373 -0.029019608159129
12.5466130982282 -0.0195693570469061
12.556066021416 -0.0101173572060504
12.5655189446006 -0.000664453264930812
12.5663706143592 0.000187217677380756
