-3 -0.999977894851102
-2.9 -0.999958879780397
-2.8 -0.999924953891055
-2.7 -0.999865620514704
-2.6 -0.99976390176522
-2.5 -0.999592964536606
-2.4 -0.999311382118005
-2.3 -0.998856700762316
-2.2 -0.998137018211188
-2.1 -0.997020395440758
-2 -0.995322139581219
-1.9 -0.992790333976641
-1.8 -0.989090453811526
-1.7 -0.983790470207606
-1.6 -0.97634845580629
-1.5 -0.966105266402972
-1.4 -0.952285258268515
-1.3 -0.934008062438552
-1.2 -0.910314035506212
-1.1 -0.880205043203595
-0.999999999999998 -0.842700689747589
-0.899999999999998 -0.796908074913667
-0.799999999999998 -0.742100859742191
-0.699999999999998 -0.677801181856102
-0.599999999999998 -0.603856184849436
-0.499999999999998 -0.520500016304745
-0.399999999999998 -0.428392423467283
-0.299999999999998 -0.32862668272901
-0.199999999999998 -0.222702457858314
-0.0999999999999985 -0.112462965622194
1.52655665885959E-15 1.000001415008E-09
0.100000000000002 0.112462965622197
0.200000000000002 0.222702457858317
0.300000000000002 0.328626682729014
0.400000000000002 0.428392423467286
0.500000000000002 0.520500016304748
0.600000000000002 0.603856184849438
0.700000000000002 0.677801181856104
0.800000000000001 0.742100859742193
0.900000000000001 0.796908074913669
1 0.842700689747591
1.1 0.880205043203596
1.2 0.910314035506213
1.3 0.934008062438552
1.4 0.952285258268516
1.5 0.966105266402972
1.6 0.97634845580629
1.7 0.983790470207606
1.8 0.989090453811526
1.9 0.992790333976641
2 0.995322139581219
2.1 0.997020395440758
2.2 0.998137018211188
2.3 0.998856700762316
2.4 0.999311382118005
2.5 0.999592964536606
2.6 0.99976390176522
2.7 0.999865620514704
2.8 0.999924953891055
2.9 0.999958879780397
