0.5 1.77245385105429
0.6 1.48919224892901
0.7 1.29805533274178
0.8 1.16422971380399
0.9 1.0686287021866
1 1.00000000012234
1.1 0.951350769974634
1.2 0.918168742496138
1.3 0.897470696393647
1.4 0.887263817583249
1.5 0.886226925527145
1.6 0.893515349357409
1.7 0.908638732919247
1.8 0.931383771043188
1.9 0.961765831967944
2 1.00000000012234
2.1 1.0464858469721
2.2 1.10180249099537
2.3 1.16671190531174
2.4 1.24216934461655
2.5 1.32934038829072
2.6 1.42962455897185
2.7 1.54468584596273
2.8 1.67649078787774
2.9 1.82735508073909
3 2.00000000024468
3.1 2.19762027864141
3.2 2.42396548018981
3.3 2.683437382217
3.4 2.98120642707972
3.5 3.32335097072679
3.6 3.71702385332682
3.7 4.17065178409937
3.8 4.69417420605767
3.9 5.29932973414337
4 6.00000000073404
4.1 6.81262286378838
4.2 7.75668953660738
4.3 8.8553433613161
4.4 10.136101852071
4.5 11.6317283975438
4.6 13.3812858719766
4.7 15.4314116011676
4.8 17.837861983019
4.9 20.6673859631591
5 24.0000000014088
5.1 27.9317537415322
5.2 32.578096053751
5.3 38.0779764536591
5.4 44.5988481491122
5.5 52.3427777889467
