0.5 0.572364934570578
0.6 0.39823385013965
0.7 0.260867239001004
0.8 0.152059671244277
0.9 0.0663762329320847
1 -1.09350974941691E-08
1.1 -0.0498724516096245
1.2 -0.0853740998049593
1.3 -0.108174818795807
1.4 -0.119612922978575
1.5 -0.120782245989367
1.6 -0.112591773626338
1.7 -0.0958077049377285
1.8 -0.0710838800699354
1.9 -0.0389842827257425
2 -1.0935097827236E-08
2.1 0.0454377281947009
2.2 0.0969474569889993
2.3 0.154189445671683
2.4 0.216859313642637
2.5 0.284682862118796
2.6 0.357411855619397
2.7 0.434820546124443
2.8 0.516702784832184
2.9 0.602869603446657
3 0.693147169624848
3.1 0.787375072924078
3.2 0.88540481735327
3.3 0.987098568606786
3.4 1.09232805099654
3.5 1.20097359399296
3.6 1.31292330064683
3.7 1.42807231913473
3.8 1.54632220201334
3.9 1.66758034043909
4 1.79175945829296
4.1 1.91877718441518
4.2 2.04855562715895
4.3 2.18102103707922
4.4 2.31610348261865
4.5 2.45373656248832
4.6 2.5938571461089
4.7 2.7364051387849
4.8 2.88132326874568
4.9 3.02855689357468
5 3.17805382387752
5.1 3.32976415812544
5.2 3.48364015244826
5.3 3.63963605977873
5.4 3.79770802354286
5.5 3.95781395926459
